-0.204086 -0.890959 -0.815249
-0.266287 -0.999755 0.473187
-0.180658 -0.838668 -0.888144
-0.320901 -0.952865 0.424923
-0.269903 -0.980512 0.53923
-0.314216 -0.933423 0.479273
-0.188678 -0.787033 -0.746907
-0.272943 -0.957429 0.595637
-0.15905 -0.767083 -0.822143
-0.315435 -0.907641 0.534591
-0.171533 -0.924343 -0.903436
-0.276816 -0.977886 0.34605
-0.181264 -0.889921 -1.02344
-0.341535 -0.915005 0.225164
-0.29721 -0.948447 -1.01794
-0.404715 -0.910932 0.175905
-0.218315 -0.941957 -1.04365
-0.364064 -0.882774 0.143112
-0.221887 -0.933904 -1.0257
-0.361316 -0.893392 0.169109
-0.298676 -0.964936 -1.02936
-0.409148 -0.912667 0.153514
-0.187533 -0.920207 -0.655185
-0.0843145 -0.999533 0.605771
-0.226373 -0.953697 -1.05873
-0.362387 -0.89346 0.123046
-0.172202 -0.922602 -0.737124
-0.16376 -0.99923 0.525085
-0.322327 -0.863657 0.471069
-0.201978 -0.937612 -0.536113
0.0784837 -1.00001 0.662647
-0.186396 -0.985011 0.598423
-0.212063 -0.999654 0.388741
-0.186596 -0.915434 -0.562538
0.0214502 -0.999399 0.669875
-0.140054 -0.991965 0.634943
-0.170801 -0.812189 -0.68148
-0.207088 -0.964922 0.640084
-0.121276 -0.899004 -0.971187
-0.299607 -0.917576 0.302414
-0.367977 -0.958071 -0.982274
-0.475856 -0.938798 0.20558
-0.100207 -0.785715 -0.962976
-0.332175 -0.830021 0.390644
-0.166559 -0.934797 -1.073
-0.322048 -0.888178 0.127825
-0.153035 -0.744426 -0.72746
-0.265937 -0.907332 0.623732
-0.269367 -0.922146 -0.980758
-0.366254 -0.917084 0.224945
-0.135718 -0.736681 -0.772375
-0.285331 -0.879325 0.589797
-0.376578 -0.979839 -0.985029
-0.486174 -0.950774 0.186221
-0.184306 -0.815457 -0.580557
-0.110328 -0.995885 0.723959
-0.151242 -0.917737 -1.06036
-0.304504 -0.899803 0.159715
-0.153974 -0.955759 -0.682254
-0.309105 -0.88305 0.341671
-0.172368 -0.909763 -0.594675
-0.0203824 -0.99925 0.652737
-0.172692 -0.941633 -0.589616
-0.180379 -0.907135 -0.495915
-0.114505 -0.738589 -0.843696
-0.311115 -0.833098 0.519656
-0.163955 -0.942953 -1.10201
-0.312464 -0.890446 0.100695
-0.150587 -0.753756 -0.69781
-0.237352 -0.916007 0.64557
-0.17913 -0.889285 -0.507046
-0.182906 -0.937299 -0.982297
-0.28915 -0.955523 0.227535
-0.319468 -0.996883 -0.368712
-0.0985447 -0.998998 1.12561
-0.0930473 -0.917378 -1.02902
-0.367238 -0.999043 -0.349389
-0.138647 -0.998318 1.1433
-0.137758 -0.969434 -0.895812
-0.232525 -0.992301 0.297885
-0.0774703 -0.828756 -0.996195
-0.188029 -0.921121 -0.289028
0.0889532 -0.999394 0.979249
-0.172819 -0.865628 -0.517798
-0.26937 -0.939451 -0.350307
-0.0531921 -0.984684 1.10135
-0.103216 -0.922553 -1.10006
-0.275447 -0.86199 0.12149
-0.158823 -0.909211 -0.433518
0.136522 -0.999691 0.756165
-0.141662 -0.950976 -0.499672
0.13408 -0.999493 0.636525
-0.122522 -0.986076 -0.775236
-0.130455 -0.999234 0.435414
-0.15043 -0.954959 -0.545694
-0.308722 -0.808717 0.464518
-0.15188 -0.913412 -0.399728
0.130659 -0.999632 0.797869
-0.170805 -0.862718 -0.535318
-0.142453 -0.963987 -0.588062
0.0638633 -0.999082 0.583058
-0.16915 -0.898083 -0.342752
0.104497 -0.999327 0.903179
-0.11381 -0.985121 -0.7014
-0.0570215 -0.999441 0.501239
-0.130002 -0.981021 -0.595704
0.0646587 -0.999306 0.548928
-0.131977 -0.961909 -0.6402
-0.00265235 -0.998212 0.572344
-0.175007 -0.860639 -0.442848
0.0652461 -0.98886 0.777645
-0.236557 -0.880759 -0.338202
-0.0215641 -0.970312 1.07198
-0.200964 -0.972593 -0.317352
0.0154292 -0.958163 0.325892
-0.107101 -0.924463 -1.12151
-0.120813 -0.999374 -0.587368
0.0591539 -0.999337 0.503057
0.129405 -0.99987 0.537822
-0.138301 -0.978243 -0.521237
-0.0727684 -0.966865 1.10281
-0.176278 -0.9254 -0.353932
0.046621 -0.99926 0.353962
-0.0521945 -0.821551 -1.04649
-0.187744 -0.8214 -0.360318
0.0322379 -0.983102 0.901519
0.139239 -0.999297 1.01184
-0.144356 -0.99927 -0.508973
-0.160574 -0.963274 -0.417539
0.0926864 -0.999381 0.417545
-0.109931 -0.927519 -1.14499
-0.272619 -0.864043 0.0774134
-0.327633 -0.978116 -0.315302
-0.110262 -0.948592 1.12409
-0.0572157 -0.879501 -1.02747
-0.282112 -0.854256 0.261172
0.077248 -0.99253 0.464977
-0.125116 -0.938479 -0.449511
0.157974 -0.999353 0.685772
-0.301787 -0.953861 -0.32269
-0.0847576 -0.953123 1.10767
-0.110712 -0.984461 -0.628953
0.0286234 -0.998844 0.545881
-0.206828 -0.83204 -0.319389
0.019933 -0.968762 0.954307
-0.0706395 -0.919705 -1.12986
-0.249588 -0.842998 0.0945645
-0.103042 -0.982416 -0.669079
-0.0116783 -0.999046 0.544192
-0.126204 -0.959843 -0.538973
0.124715 -0.997448 0.598229
-0.289915 -0.972517 -0.213681
-0.0852556 -0.837845 1.16125
0.0384508 -0.725974 -0.773128
0.116863 -0.992254 1.02813
-0.340381 -0.998954 -0.244521
-0.148078 -0.884643 1.14593
-0.25399 -0.910258 -0.202354
-0.0303611 -0.858705 1.15501
-0.151157 -0.984997 -0.426613
-0.0555221 -0.913555 -1.05522
-0.262741 -0.874139 0.201323
0.139673 -0.99913 0.953037
-0.171759 -0.81117 -0.432672
0.00224699 -0.761446 0.251109
-0.118772 -0.968977 -0.630497
0.0151876 -0.994886 0.564806
-0.146861 -0.769788 -0.608697
-0.206047 -0.955833 -0.285285
0.0254883 -0.964175 0.291173
-0.207008 -0.855341 -0.298995
-0.115704 -0.702452 -0.709442
-0.260471 -0.857397 0.654587
-0.169148 -0.90761 -0.247752
0.0814151 -0.973806 1.02899
-0.0758129 -0.926953 -1.16117
-0.245736 -0.849243 0.0645845
-0.268299 -0.91583 -0.314843
-0.0555295 -0.93364 1.09356
-0.163912 -0.999226 -0.379137
0.0746389 -0.957507 0.385876
-0.100289 -0.998218 -0.239252
0.169779 -0.999384 1.03851
-0.153065 -0.817086 -0.483709
-0.000211935 -0.974431 0.782126
-0.0826157 -0.943182 -1.07355
-0.254136 -0.886947 0.140444
-0.0918741 -0.931622 1.10992
-0.0652611 -0.691457 -0.869585
-0.3019 -0.758465 0.508097
-0.318583 -0.961115 0.252939
-0.0781198 -0.698342 -0.79717
-0.273112 -0.814595 0.597973
-0.120502 -0.963473 1.09757
-0.141525 -0.997327 -0.886742
-0.223394 -0.999802 0.263077
0.172842 -0.999246 0.974407
-0.102989 -0.900959 1.11826
-0.267867 -0.909225 -0.184464
-0.0203702 -0.837941 1.15544
-0.200377 -0.869095 -0.271205
0.0175096 -0.939179 1.06377
-0.128607 -0.959342 -0.436467
-0.241118 -0.869542 -0.294667
-0.0262352 -0.926463 1.08031
-0.0654316 -0.945403 -1.08319
-0.242358 -0.879674 0.137027
0.0978719 -0.999254 0.381575
-0.102424 -0.969702 1.08557
-0.364742 -0.961032 -0.925821
-0.461472 -0.981142 0.237295
-0.335594 -0.943921 0.138056
-0.106128 -0.970129 -0.481438
0.154526 -0.99901 0.553185
-0.241086 -0.990211 -1.00242
-0.232598 -0.886453 -0.213138
0.00792865 -0.896535 1.1136
0.0552103 -0.979706 0.323022
-0.105259 -0.931233 -0.308852
0.175644 -0.99951 0.909178
-0.14737 -0.929211 -0.237745
0.104624 -0.975294 1.03842
-0.114123 -0.716694 -0.644153
-0.215238 -0.874199 0.698905
-0.114976 -0.960438 -0.454279
0.181988 -0.999456 0.58982
-0.177696 -0.864398 -0.258204
0.0480539 -0.954154 1.02275
-0.373237 -0.985279 -0.924728
-0.468267 -0.998833 0.214436
0.011761 -0.919286 1.07044
-0.270971 -0.917573 -0.229671
-0.0485388 -0.854898 1.13042
-0.112327 -0.966561 -0.214764
0.136902 -0.981967 1.06275
-0.292206 -0.920962 -0.294713
-0.0731119 -0.914003 1.09256
-0.104259 -0.990571 0.397441
-0.0736071 -0.994599 -0.678141
-0.00754196 -0.992668 0.503473
-0.271494 -0.886994 -0.324152
-0.0535972 -0.946481 1.06165
-0.282815 -0.915029 -0.256609
-0.0640295 -0.871545 1.11422
-0.207562 -0.872729 -0.232014
0.0323153 -0.92195 1.07484
-0.0204138 -0.783249 -1.08849
-0.308111 -0.739978 0.281717
-0.0351376 -0.707848 -0.926488
-0.00771639 -0.930484 -1.10893
-0.253502 -0.822263 0.147821
-0.123275 -0.966593 -1.10294
-0.225154 -0.859161 -0.227401
0.00942839 -0.898338 1.08813
-0.0762857 -0.992265 -0.690595
0.00417677 -0.982851 0.479704
0.0616511 -0.943067 0.837573
-0.181573 -0.958121 -0.247793
0.059031 -0.976589 0.258822
-0.287641 -0.937182 -0.919546
-0.381282 -0.957303 0.267151
-0.0922502 -0.99949 -0.547063
-0.0781496 -0.992529 -0.79714
-0.234147 -0.850982 -0.253193
0.00191095 -0.9001 1.07182
-0.0812881 -0.957306 -0.408534
0.200259 -0.999533 0.511638
-0.160225 -0.902165 -0.222092
0.0791243 -0.949521 1.05254
-0.192323 -0.878885 -0.214378
0.0539701 -0.926633 1.08105
-0.0680054 -0.995141 -0.718504
-0.0305585 -0.998074 0.457621
-0.233049 -0.860697 -0.186383
0.0183333 -0.870783 1.11949
-0.256282 -0.872269 -0.242148
-0.025392 -0.866579 1.10287
-0.280025 -0.894229 -0.282217
-0.0538866 -0.897261 1.08025
-0.129417 -0.737743 -0.53348
-0.104674 -0.920678 0.776171
-0.169598 -0.923368 -0.177295
0.0801573 -0.938313 1.10764
0.0712223 -0.988054 0.301399
1.98794e-07 -0.857267 -1.11977
-0.280442 -0.781543 0.209256
-0.0619014 -0.985005 -0.245522
0.202994 -0.999208 1.00254
-0.143115 -0.920307 -0.210474
0.101065 -0.95464 1.06423
-0.257171 -0.860577 -0.270712
-0.0230315 -0.889549 1.0779
-0.105873 -0.999771 -0.43252
0.119963 -0.969447 0.437552
-0.153165 -0.928705 -0.182797
0.0963406 -0.943022 1.09633
-0.122609 -0.943245 -0.212028
0.127681 -0.964402 1.06695
-0.138625 -0.779608 -0.425713
-0.0652519 -0.955725 -0.346551
0.213069 -0.999387 0.801973
-0.0676354 -0.943651 -0.396495
0.208613 -0.999441 0.728393
-0.129634 -0.94832 -0.182073
0.120669 -0.954514 1.09808
-0.10798 -0.934828 -0.338157
0.10082 -0.999505 0.336826
-0.242732 -0.901509 0.0755933
-0.121607 -0.942596 -0.198713
0.126055 -0.958688 1.07585
-0.0201077 -0.946965 -1.14467
-0.194452 -0.842651 0.0827869
-0.213473 -0.81111 -0.266641
0.0081168 -0.905627 1.01732
0.100007 -0.935066 1.12017
-0.0964762 -0.956198 -0.379794
0.14383 -0.999084 0.39826
-0.161559 -0.940002 -0.150001
0.0929946 -0.923143 1.13706
-0.0693086 -0.996755 -0.178738
0.183045 -0.991139 1.09742
-0.0338036 -0.952761 -1.17101
-0.200822 -0.851585 0.0541649
-0.140187 -0.94026 -0.169885
0.11206 -0.941037 1.11234
-0.0174491 -0.721577 -0.988541
-0.284104 -0.703846 0.39063
-0.142612 -0.926717 -0.185457
0.104436 -0.941465 1.09215
-0.137186 -0.920447 -0.20258
0.107544 -0.949115 1.07111
-0.0681884 -0.991878 -0.743259
-0.0554393 -0.992918 0.434956
-0.2449 -0.828988 -0.297375
-0.0217697 -0.924036 1.02937
-0.125272 -0.958994 -0.152543
0.12615 -0.941402 1.13126
-0.345242 -0.938173 -0.291087
-0.119664 -0.90917 1.08196
-0.100775 -0.963054 -0.183307
0.149617 -0.962173 1.09504
-0.00611244 -0.737414 -1.04361
-0.286432 -0.701636 0.334677
0.00906645 -0.809289 -1.11326
-0.125129 -0.950912 -0.161697
0.125962 -0.940912 1.1194
-0.0101972 -0.69497 -1.03935
-0.293721 -0.660963 0.361354
-0.0171497 -0.96642 -1.09226
-0.202021 -0.87017 0.126829
-0.109559 -0.949811 -0.185569
0.141057 -0.955593 1.09193
-0.0825563 -0.976102 -0.173288
0.171602 -0.971535 1.10127
-0.180552 -0.820039 -0.270034
0.0360256 -0.923395 1.00501
-0.0428558 -0.99909 -0.154268
0.202288 -0.991606 1.12156
-0.340516 -0.929169 -0.253237
-0.11286 -0.869155 1.093
-0.0456274 -0.999513 -0.611427
0.0701883 -0.969312 0.5096
-0.117476 -0.749578 -0.475107
-0.0414115 -0.925523 0.809757
-0.102892 -0.962957 -0.158407
0.147181 -0.951743 1.11639
-0.107534 -0.953532 -0.16881
0.142857 -0.948514 1.10617
-0.328125 -0.909383 -0.320927
-0.101309 -0.934699 1.05501
-0.107062 -1.00426 -0.916478
-0.2011 -0.998853 0.238518
-0.187079 -0.876173 -0.181077
0.0615778 -0.89464 1.09692
-0.0430307 -0.964575 -0.437521
-0.311594 -0.884871 -0.321126
-0.0835283 -0.929934 1.03986
-0.126312 -0.954029 -0.130506
0.128997 -0.926341 1.1501
-0.040227 -0.991674 -0.209924
0.215539 -0.993722 1.05065
0.143016 -0.937797 1.14193
-0.0885709 -0.972647 -0.145147
0.159219 -0.951805 1.13146
-0.310443 -0.900311 -0.224245
-0.076465 -0.832255 1.09654
0.106293 -0.908457 1.14541
-0.0555744 -0.674128 -0.703687
-0.234464 -0.792102 0.664545
-0.118672 -0.999417 -0.351386
0.132354 -0.935004 0.368859
-0.00475696 -0.693999 -0.98579
-0.24242 -0.842021 0.323783
-0.242619 -0.748914 0.590124
0.0333321 -0.924293 -1.12939
-0.230559 -0.793837 0.138171
-0.024572 -0.999148 -0.123212
0.218159 -0.983089 1.14646
-0.282745 -0.839345 -0.311242
-0.0538612 -0.912279 1.01834
-0.0335601 -0.971498 -0.255031
0.230157 -0.995704 0.965071
-0.0480427 -0.999284 -0.851071
-0.126213 -1.00103 0.310053
-0.0334684 -0.995242 -0.675294
-0.0556987 -0.992467 -0.115878
0.19193 -0.962842 1.15477
-0.00832399 -0.999291 -0.168207
0.232724 -0.99927 1.09736
0.0267228 -0.759426 -1.11167
-0.286156 -0.69382 0.25969
-0.0266215 -1.00012 -0.547404
0.163101 -0.944083 0.465134
0.000968241 -0.671273 -0.972921
-0.267864 -0.65354 0.426271
-0.0582259 -0.677843 -0.662445
0.0304861 -0.798671 -1.12221
-0.148207 -0.755188 -0.325879
0.0181912 -0.903045 0.934446
-0.130744 -0.984365 -0.2535
0.12428 -0.973769 0.273461
-0.317683 -0.88621 -0.263207
-0.0817609 -0.866357 1.06451
0.118078 -0.886299 1.15646
-0.291537 -0.862934 -0.207379
-0.0382795 -0.824275 1.08684
-0.165106 -0.913309 -0.124573
0.0873637 -0.880461 1.14331
-0.122047 -0.947934 -0.111383
0.132656 -0.906748 1.16225
0.0406529 -0.84605 -1.13346
-0.257949 -0.748849 0.195983
-0.100156 -0.956184 -0.116291
0.151222 -0.920748 1.15505
-0.0206741 -0.675068 -0.789037
-0.100319 -0.999798 -1.02135
-0.21188 -0.969823 0.154694
-0.0388212 -0.976414 -0.416713
0.00550947 -0.685844 -0.934439
-0.257866 -0.679789 0.450804
-0.0691013 -0.959698 -0.348924
0.152169 -0.980298 0.370459
-0.0374671 -0.999403 -0.866764
-0.267326 -0.964907 -0.89724
-0.355162 -0.994578 0.219992
-0.129723 -0.999646 -1.05578
-0.237257 -0.978129 0.118623
-0.000592504 -0.999403 -0.730376
-0.00517369 -0.994324 0.41569
-0.00452846 -0.981587 -1.13045
-0.166073 -0.868128 0.0915599
-0.0216556 -0.971964 -0.424096
0.217356 -0.99281 0.541858
-0.0118055 -0.994998 -0.789067
-0.0542295 -0.987525 0.382422
-0.0784356 -0.973071 -0.107232
0.167297 -0.923519 1.16483
-0.126703 -0.748388 -0.36607
0.0237207 -0.90451 0.896184
-0.145929 -0.847266 0.751542
-0.00938059 -0.982446 -0.216462
0.248824 -0.989159 1.01836
0.00970362 -0.665327 -0.874908
-0.239487 -0.684063 0.505303
-0.260589 -0.825397 -0.197341
0.00421779 -0.8237 1.08238
-0.0296536 -0.990574 -1.1614
-0.176132 -0.880931 0.0542925
-0.283025 -0.991642 -0.903874
-0.384776 -0.999167 0.173808
-0.191724 -0.853389 -0.155473
0.0643097 -0.855581 1.10792
0.0185139 -0.658291 -1.03325
-0.273652 -0.614983 0.378955
-0.174931 -0.765345 -0.285634
0.0161567 -0.88887 0.976157
-0.003134 -0.955763 -0.422488
0.218881 -0.995991 0.627269
0.00925279 -0.63747 -0.931366
-0.258083 -0.629089 0.473135
0.0127514 -0.987021 -1.07541
-0.171647 -0.884987 0.138132
-0.213716 -0.812274 0.691676
0.204307 -0.982702 0.465923
-0.218797 -0.778884 -0.281752
-0.0161039 -0.881872 0.998147
0.0140874 -0.999523 -0.610256
0.103242 -0.948273 0.482991
-0.137452 -0.993507 0.262035
-0.0441266 -0.999357 -0.395186
0.192482 -0.934916 0.419587
-0.181985 -0.999106 -0.919314
-0.311254 -0.999649 0.178209
0.00710546 -0.999201 -0.660156
0.0446846 -0.96598 0.45502
0.030713 -0.686388 -1.04896
-0.263056 -0.631773 0.349542
-0.298935 -0.837104 -0.249697
-0.050076 -0.849803 1.04083
-0.216659 -0.815015 -0.179684
0.0329005 -0.83661 1.07306
0.152058 -0.984847 0.309457
-0.0217655 -0.999312 -0.886595
-0.108805 -0.943973 -0.090656
0.14588 -0.89014 1.16989
-0.0233458 -1.00435 -1.08406
-0.176926 -0.91022 0.112286
-0.0426409 -0.971809 -0.372202
0.189505 -0.974056 0.406535
0.0180566 -0.999143 -0.134468
0.253983 -0.983032 1.12348
-0.0175312 -0.990229 -0.0941012
0.228287 -0.954468 1.16421
-0.22126 -0.999646 -0.931139
-0.340594 -0.999128 0.139054
0.0195463 -0.666186 -0.909695
-0.241333 -0.659352 0.475558
0.202767 -0.947184 0.456457
0.0265242 -0.631579 -1.00009
-0.260977 -0.596352 0.416113
-0.00353152 -0.955653 -0.279046
0.252206 -0.987571 0.895493
0.0613356 -0.935481 -1.11047
-0.194555 -0.805503 0.144973
0.0132118 -0.973376 -0.247492
0.259303 -0.991809 0.95101
0.0150682 -0.998928 -0.813821
-0.0653136 -0.984019 0.350006
-0.068526 -0.999296 -1.12641
-0.185375 -0.926728 0.0795366
0.0265196 -0.999347 -0.774489
-0.00936338 -0.974549 -0.395929
0.208951 -0.983639 0.450645
-0.0518897 -0.9659 -0.0852475
0.197626 -0.920086 1.17253
0.0669659 -0.90023 -1.1165
0.0273743 -0.996465 -0.811794
-0.0085398 -0.997928 -0.4315
-0.131277 -0.905528 -0.0940747
0.125386 -0.858486 1.15371
0.167685 -0.923292 0.475511
-0.162295 -0.965688 0.187917
-0.0246478 -0.985464 0.374877
0.0247439 -0.980252 -0.174464
0.259933 -0.979537 1.07146
-0.0574009 -0.978296 0.351886
0.0277779 -0.999213 -0.729774
0.0196551 -0.863077 0.9961
-0.0705015 -0.999123 -0.29727
0.163805 -0.940642 0.328742
0.0253786 -0.999189 -0.657926
0.0579001 -0.95794 0.446613
-0.244162 -0.787671 -0.227144
-0.0059295 -0.83228 1.02978
0.0421608 -0.658946 -1.02228
-0.0571148 -0.999319 -0.327476
0.170223 -0.923905 0.356543
0.0224869 -0.976278 -0.211871
0.264154 -0.98357 1.01791
0.0656784 -0.768766 -1.10184
-0.245803 -0.68454 0.255291
0.00894575 -0.982294 -0.464168
0.223935 -0.972636 0.520596
-0.0537199 -0.959156 -0.294557
0.181582 -0.99873 0.358554
0.0168561 -1.00195 -1.01559
-0.157127 -0.946755 0.163319
0.00633582 -0.849196 1.0018
0.074116 -0.856464 -1.11629
-0.219461 -0.742819 0.194238
0.0542034 -0.740259 -1.03646
-0.231747 -0.6751 0.325206
0.0258282 -0.997393 -0.865211
-0.0954594 -0.979396 0.296179
0.00619314 -0.981883 -0.419328
0.22195 -0.96904 0.466601
-0.0425777 -0.987666 -0.333858
0.0609276 -0.971815 -1.06298
-0.152458 -0.865098 0.151178
0.0582753 -0.682584 -1.04554
-0.239074 -0.616826 0.346478
0.0381129 -0.982335 -0.146282
0.269716 -0.968922 1.09734
0.0423426 -0.978228 -0.176812
0.27456 -0.978425 1.05695
0.0814307 -0.90924 -1.084
-0.181407 -0.797026 0.176483
-0.008493 -0.982276 -0.374335
0.21186 -0.954677 0.404649
0.038525 -0.999102 -0.590391
0.152354 -0.915211 0.497641
0.0791373 -0.818101 -1.08287
0.0264334 -0.994396 -0.45299
0.0591564 -0.981161 -0.445961
0.243361 -0.974466 0.568632
-0.00932369 -0.960498 -0.0615603
0.237917 -0.908016 1.17689
0.033437 -0.981802 -0.0884243
0.272739 -0.9406 1.15268
-0.0476121 -0.939065 -0.0606195
0.206582 -0.879921 1.17791
0.0368256 -0.974111 -0.117038
0.271607 -0.947141 1.12417
-0.0943818 -0.911604 -0.064122
0.16495 -0.845365 1.16977
0.0465586 -0.962927 -0.174536
0.275896 -0.965686 1.04175
0.0382654 -0.954989 -0.202006
0.275169 -0.965911 1.00735
0.0341793 -0.946535 -0.272309
0.276989 -0.977406 0.880238
-0.14189 -0.861449 -0.092073
0.114344 -0.813026 1.12966
-0.171099 -0.817414 -0.1397
0.0700365 -0.805274 1.07406
0.0501481 -0.973407 -0.149073
0.280672 -0.962657 1.08382
0.0416864 -0.96821 -0.319776
0.294082 -0.989068 0.789959
0.0560996 -0.97532 -0.37998
-0.19605 -0.766599 -0.205068
0.270032 -0.981081 0.668645
0.033158 -0.820332 1.01331
0.0389792 -0.950022 -0.229854
0.276628 -0.970914 0.953039
-0.164729 -0.716386 -0.265222
0.0121936 -0.835771 0.96116
-0.0955274 -0.724758 -0.331812
0.0354196 -0.849184 0.909434
-0.0742148 -0.717616 -0.376446
0.0305828 -0.852874 0.879072
0.0546974 -0.995468 -0.513037
0.201819 -0.931516 0.506738
0.0590041 -0.999149 -0.576239
0.168259 -0.914532 0.488319
-0.0404632 -0.706818 -0.437542
-0.0140159 -0.841783 0.838546
0.056666 -0.999383 -0.648651
0.0880161 -0.9374 0.441765
-0.0289993 -0.669305 -0.495658
-0.0787583 -0.80646 0.819455
0.0625548 -0.999491 -0.726076
0.025643 -0.970751 0.385152
0.060802 -0.999325 -0.773868
0.0733952 -0.999262 -0.832277
-0.0466719 -0.969118 0.321701
0.0782616 -0.999548 -0.950083
-0.102741 -0.950357 0.226729
0.000261868 -0.648703 -0.611821
-0.161022 -0.758841 0.734227
0.0891904 -0.999983 -1.01416
-0.125065 -0.921853 0.161396
0.0227895 -0.631412 -0.688076
-0.191622 -0.709337 0.676201
0.0921909 -0.959802 -1.04553
-0.1376 -0.863026 0.173378
0.0903546 -0.871862 -1.0605
-0.171781 -0.780005 0.214067
0.0468782 -0.637559 -0.840368
-0.208364 -0.650861 0.541293
-0.200221 -0.68739 0.614824
0.0276415 -0.807712 -0.669159
0.0562698 -0.648166 -0.896769
-0.206052 -0.629097 0.483313
0.0866791 -0.785545 -1.04872
-0.199881 -0.707837 0.274993
0.0546438 -0.613252 -0.915469
-0.213491 -0.589996 0.48645
0.0806941 -0.739099 -1.03232
-0.207932 -0.663654 0.320207
0.0778561 -0.678595 -1.04227
-0.222285 -0.604599 0.34491
0.0665462 -0.616774 -0.995699
-0.224618 -0.566758 0.416147
0.0618811 -0.992372 -0.452515
0.218167 -0.963742 0.495364
0.171674 -0.908487 0.487044
0.0543564 -0.963794 -0.133427
0.286749 -0.946768 1.09602
0.0606231 -0.95972 -0.169123
0.289101 -0.960618 1.05289
0.0555393 -0.986919 -0.391762
0.223549 -0.981855 0.480628
0.0564723 -0.998964 -0.413376
0.0791591 -0.996311 -0.575571
0.0631827 -0.968759 -0.374259
0.242935 -0.991926 0.459898
0.105773 -0.821376 -1.08252
0.0797175 -0.984528 -0.47721
-0.138142 -0.816537 -0.114923
0.0210456 -0.956171 0.359954
0.0703998 -0.948009 -0.330979
0.258887 -0.999288 0.445275
-0.100546 -0.867979 -0.0791943
0.0613533 -0.938865 -0.193158
0.291184 -0.953875 1.00003
0.0558589 -0.976671 -0.342451
-0.00287903 -0.950956 0.346229
0.127234 -1.00035 -0.871134
-0.0385997 -0.95734 0.285415
0.0614682 -0.94561 -0.151933
0.289146 -0.943324 1.0631
0.0199009 -0.711163 0.660845
0.0453362 -0.999165 -0.331246
0.206124 -0.986083 0.409401
0.100897 -0.680166 -1.03991
-0.200964 -0.597641 0.339257
-0.195831 -0.760304 -0.157627
0.023438 -0.793278 0.978373
0.0375696 -0.989766 -0.306757
0.218037 -0.995942 0.394214
-0.110741 -0.903025 0.139194
-0.0206267 -0.915412 -0.0633633
0.218281 -0.855164 1.15525
0.010273 -0.868101 -0.834267
0.120156 -0.846128 -1.11393
-0.174282 -0.739065 0.173138
0.095849 -0.996821 -0.647585
0.101468 -0.919242 0.439001
0.0568237 -0.819117 0.921741
0.116929 -0.808992 -1.10448
0.161911 -0.991519 -1.00752
-0.0973106 -0.935954 0.15602
0.173377 -0.995807 -0.955938
-0.0686977 -0.954282 0.176897
0.111601 -0.764891 -1.09372
-0.196957 -0.671879 0.234934
0.0834954 -0.969645 -0.397286
0.0658058 -0.933132 -0.223443
0.294904 -0.952351 0.946327
0.0619716 -0.923031 -0.256386
0.292206 -0.952085 0.884993
0.0311471 -0.938093 -0.0740744
0.274006 -0.890967 1.14476
0.12734 -0.885272 -1.10937
-0.156697 -0.770396 0.152184
0.0660416 -0.949599 -0.107021
0.299331 -0.924275 1.10867
0.128493 -0.999986 -0.810443
0.00288111 -0.948313 0.339454
-0.0593859 -0.881844 -0.0640626
0.199024 -0.824801 1.13878
0.207038 -0.999654 -1.08762
-0.108447 -0.942256 0.0563521
0.0987403 -0.951593 -0.352458
0.279546 -0.975611 0.45701
-0.152514 -0.771153 -0.151841
0.066804 -0.777727 1.02503
0.203372 -0.999213 -0.838999
-0.00583002 -0.968357 0.243422
0.286252 -0.999727 -0.805333
0.0152003 -0.999306 0.0803118
-0.235205 -0.763679 -0.122335
-0.00552251 -0.783249 0.946132
0.134783 -0.923805 -1.10667
-0.132851 -0.809972 0.124474
0.102703 -0.999373 -0.4027
0.240217 -0.934824 0.466746
0.0978828 -0.657786 -0.898319
-0.164265 -0.616172 0.462154
0.082916 -0.93612 -0.340922
0.297555 -0.955243 0.739706
0.0981571 -0.968078 -0.375052
0.107617 -0.623719 -0.989061
-0.181779 -0.560168 0.399249
0.114753 -0.996513 -0.646576
0.111158 -0.900622 0.444505
-0.171131 -0.721452 -0.208951
0.0482435 -0.806198 0.92712
0.194211 -0.996723 -0.872162
-0.0153051 -0.963021 0.238817
0.19719 -0.984134 -1.06308
-0.0940023 -0.920532 0.0918787
0.107601 -0.99924 -0.60466
0.293111 -0.98414 -0.825861
0.0147524 -0.997684 0.135356
0.291985 -0.951758 0.682419
-0.112 -0.794308 -0.116215
0.13445 -0.780951 1.07426
0.0637526 -0.920704 -0.178076
0.295136 -0.929448 1.00764
-0.116144 -0.718551 -0.240697
0.0789939 -0.811145 0.938769
0.198696 -0.975916 -1.10232
0.125416 -0.678311 -1.03579
-0.177706 -0.591537 0.33147
0.13683 -0.796591 -1.10425
-0.161188 -0.788104 -0.125181
0.037488 -0.75964 1.00719
0.167904 -0.973739 -1.05663
-0.0975408 -0.886033 0.116054
0.107126 -0.953904 -0.435183
0.161012 -0.788326 -0.79466
0.340044 -0.997559 -0.795153
0.0755969 -0.99914 0.0586473
0.25938 -0.988639 -0.871718
-0.0680047 -0.945717 0.112032
0.111125 -0.940161 -0.391331
0.27424 -0.948434 0.623963
-0.0311709 -0.726134 -0.34058
0.0901678 -0.818025 0.869386
0.124651 -0.999276 -0.590302
0.100232 -0.951236 -0.403664
0.278117 -0.953208 0.537582
0.0439485 -0.683389 -0.557581
-0.067095 -0.751568 0.735957
0.109419 -0.628782 -0.918737
-0.160974 -0.578123 0.455235
0.209829 -0.983638 -1.13028
-0.111533 -0.894455 0.0294131
0.144591 -0.993615 -0.772449
0.033409 -0.928539 0.366496
0.13132 -0.999392 -0.713158
0.0775566 -0.92262 0.392541
0.134706 -0.731385 -1.02406
-0.166188 -0.645827 0.305606
-0.0882641 -0.818724 -0.0870382
0.162447 -0.784528 1.09435
0.126282 -0.646451 -1.01747
-0.173277 -0.566262 0.358061
0.354659 -0.968256 -0.797456
0.0735707 -0.999296 0.104381
0.254436 -1.00018 -0.939849
-0.0365339 -0.9801 0.073255
0.0409964 -0.951236 -0.251356
0.257565 -0.998095 0.339442
0.195684 -0.949507 -1.11591
-0.105922 -0.872596 0.0669963
-0.20105 -0.786801 -0.105199
-0.00780003 -0.748292 0.975536
-0.0472633 -0.854715 -0.0739186
0.205535 -0.811622 1.11565
-0.24802 -0.781153 -0.0600028
-0.0416596 -0.756885 0.897672
0.235567 -0.987307 -0.960037
-0.0368071 -0.966642 0.134467
0.0764424 -0.920665 -0.120438
0.306952 -0.90923 1.07666
0.0230639 -0.89812 -0.0761778
0.264129 -0.85871 1.12171
-0.0673749 -0.718162 -0.289864
0.094191 -0.808299 0.899057
0.0535708 -0.916352 -0.0841122
0.294156 -0.882748 1.11561
0.136638 -0.999671 -0.518055
0.213381 -0.887133 0.461996
0.121968 -0.676191 -0.917418
-0.142787 -0.619306 0.42768
-0.230137 -0.721226 -0.114979
0.0198599 -0.784053 0.890101
0.0848965 -0.671686 -0.645731
-0.116456 -0.709016 0.67728
0.159076 -0.834645 -1.12234
-0.145747 -0.719995 0.158507
-0.12196 -0.68342 0.651108
0.0765602 -0.902807 -0.211193
0.296888 -0.92915 0.943101
0.192078 -0.996811 -0.820703
0.0177018 -0.947724 0.293636
0.00189572 -0.862227 -0.0979817
0.246935 -0.842796 1.09058
0.131828 -0.661657 -0.956377
-0.143116 -0.592204 0.40047
-0.222187 -0.810043 -0.0555536
-0.0509783 -0.73548 0.932725
0.0650207 -0.887992 -0.155118
0.294737 -0.904063 1.02338
0.152403 -0.752617 -1.0938
-0.166429 -0.647161 0.224579
-0.220257 -0.874002 0.408305
0.329645 -0.957418 -0.848409
-0.0302123 -0.84148 -0.0844713
0.065195 -0.986614 0.144146
0.218874 -0.809696 1.09625
0.16773 -0.91377 -1.11719
-0.110331 -0.793748 0.110115
-0.00820156 -0.838347 -0.118465
0.234218 -0.835302 1.06281
0.101286 -0.999288 -0.319534
0.230881 -0.936549 0.403366
-0.00389466 -0.845345 -0.108633
0.238358 -0.834407 1.07437
-0.0869868 -0.76898 -0.137551
0.139397 -0.773703 1.03155
0.0556626 -0.893738 -0.101128
0.293633 -0.876464 1.08521
-0.259405 -0.746748 -0.0409608
-0.0263189 -0.755686 0.849693
-0.134597 -0.709571 -0.188106
0.0958436 -0.775053 0.9418
0.0184359 -0.853053 -0.123141
0.257738 -0.854563 1.05716
0.0394574 -0.737413 0.989959
-0.265575 -0.762435 -0.00745461
-0.048602 -0.72368 0.838108
-0.00257473 -0.832165 -0.130537
0.236744 -0.837522 1.04653
0.0867504 -0.984715 -0.273119
-0.234487 -0.810555 -0.00575513
-0.0783943 -0.709796 0.886823
0.166736 -0.778048 1.05959
-0.0224391 -0.826497 -0.108031
0.22111 -0.814217 1.06848
0.060414 -0.73306 -0.443256
0.0577549 -0.788487 0.784822
0.248449 -0.973237 -0.870312
0.0171336 -0.955659 0.214274
0.123996 -0.873694 0.448089
0.183812 -0.941496 -1.09435
-0.0920618 -0.834074 0.104953
0.00789418 -0.83816 -0.127681
0.247251 -0.843186 1.04974
-0.0715228 -0.727417 -0.222944
0.138089 -0.791776 0.952132
-0.192546 -0.698339 -0.132935
0.0586175 -0.774994 0.90704
-0.0204893 -0.83088 -0.0967602
0.226424 -0.813119 1.0793
0.172312 -0.864619 0.467518
-0.247655 -0.790371 0.0195186
-0.0756122 -0.69736 0.849799
-0.0301655 -0.799842 -0.137161
0.207962 -0.808634 1.03651
-0.0222139 -0.797033 -0.153325
0.211167 -0.817341 1.01921
-0.0288265 -0.810865 -0.116611
0.212961 -0.807207 1.05144
-0.120787 -0.616799 0.466402
0.0468329 -0.865183 -0.119891
0.285078 -0.866014 1.05617
0.163086 -0.98566 -0.655303
0.401598 -0.971479 -0.785942
-0.0501605 -0.804072 -0.0924641
0.198396 -0.783087 1.07489
0.210984 -0.950266 -1.06735
-0.0732466 -0.870712 0.0970605
-0.035891 -0.805613 -0.111014
0.213004 -0.801307 1.06338
-0.00375941 -0.811923 -0.145319
0.234229 -0.828977 1.0281
-0.111261 -0.893158 -0.840862
0.0271621 -0.946477 0.24007
0.139363 -0.944812 -0.347404
0.30282 -0.954283 0.46946
0.163319 -0.99213 -0.59893
-0.0120453 -0.813304 -0.12527
0.229457 -0.817529 1.0453
0.162333 -0.680992 -1.01802
-0.137083 -0.587261 0.32669
-0.0550126 -0.719679 -0.257929
0.127226 -0.790918 0.922689
0.00468116 -0.812732 -0.151428
0.23967 -0.833467 1.01772
0.132901 -0.905421 -0.31955
0.329538 -0.994501 0.428755
0.167005 -0.726524 -1.02085
-0.13186 -0.627405 0.295238
-0.0329393 -0.791641 -0.131993
0.205821 -0.798862 1.038
0.118795 -0.894197 -0.296138
0.310321 -0.916202 0.779817
0.227444 -0.939009 -1.09894
-0.0770374 -0.864104 0.0658258
0.131973 -0.910617 -0.346308
0.299723 -0.911859 0.704963
0.323132 -0.948187 -0.837693
0.0799724 -0.978323 0.165047
-0.0467195 -0.92629 0.0411597
0.0825186 -0.869083 -0.182467
0.304813 -0.898906 0.969068
0.072238 -0.877391 0.392536
-0.0168719 -0.788606 -0.158833
0.213714 -0.814151 1.00916
-0.188114 -0.735498 -0.100571
0.0302776 -0.743471 0.925892
0.159888 -0.999391 -0.395465
-0.185589 -0.799817 -0.0698224
-0.0152112 -0.71604 0.959657
0.247155 -0.973102 -1.13199
-0.0849948 -0.870565 0.00889139
-0.0455989 -0.781974 -0.122302
0.192081 -0.781778 1.04123
0.143954 -0.802174 0.858283
0.315239 -0.980438 0.379249
0.161997 -0.708121 -0.965534
-0.116942 -0.623447 0.352081
0.237412 -0.947304 -1.12148
-0.0819707 -0.855321 0.0381526
0.310949 -0.997425 -0.981674
-0.027504 -0.722232 -0.293049
0.134697 -0.7927 0.894838
-0.117339 -0.746319 -0.114076
0.0871201 -0.733294 1.00261
0.186903 -0.986668 -0.769252
0.0453596 -0.908389 0.357633
-0.0923409 -0.742585 -0.142397
0.124051 -0.805204 0.800598
0.189987 -0.98094 -0.738844
-0.160541 -0.717829 -0.130798
0.0665861 -0.746948 0.946877
0.143256 -0.762736 1.00431
-0.17275 -0.752716 -0.0912338
0.0358211 -0.731438 0.952851
-0.0655876 -0.742938 -0.156313
-0.21137 -0.752211 -0.0573202
-0.00153821 -0.733242 0.896338
-0.023661 -0.764061 -0.174644
0.199343 -0.802308 0.993313
0.00647102 -0.798666 -0.156651
0.243553 -0.826927 1.00712
0.0869433 -0.720613 -0.492719
0.021478 -0.753385 0.750962
0.0601159 -0.944348 -0.222699
0.292146 -0.971606 0.326795
0.249044 -0.971194 -0.850465
0.0837181 -0.740111 0.968976
-0.0219077 -0.767999 -0.828386
0.398625 -0.92626 -0.808098
0.127542 -0.989717 0.138999
0.195014 -0.846892 -1.10003
-0.102485 -0.728146 0.157679
0.0271358 -0.817132 -0.144974
0.260869 -0.837944 1.01692
-0.123804 -0.660618 0.583499
-0.0922967 -0.723779 -0.160666
0.132846 -0.756431 0.980689
-0.200372 -0.771784 -0.0473292
-0.00724711 -0.722314 0.922331
0.169699 -0.990379 -0.689655
0.113611 -0.866131 0.428626
-0.0836236 -0.767257 0.132746
-0.228859 -0.719828 -0.0593705
0.0139872 -0.742933 0.858757
-0.220455 -0.757843 -0.0186873
-0.0242292 -0.709586 0.868809
0.184594 -0.978348 -0.642714
0.142404 -0.841625 0.465539
-0.0490236 -0.733844 -0.179957
0.160304 -0.769981 0.971123
-0.0324433 -0.730517 -0.201493
0.176505 -0.784426 0.961457
0.207849 -0.913442 -1.0896
-0.0694635 -0.81083 0.109908
-0.0961331 -0.622139 0.407009
0.187932 -0.976812 -0.70283
0.100206 -0.862616 0.42376
0.045181 -0.925496 0.312646
-0.0104777 -0.728781 -0.604441
0.100856 -0.842539 -0.24462
0.294916 -0.882394 0.874219
0.18609 -0.936185 -0.422323
0.292612 -0.904068 0.598529
0.00277874 -0.709382 0.946402
0.439152 -0.997535 -0.770031
0.16188 -0.999039 0.0326839
0.251806 -0.944292 -1.08114
-0.0550216 -0.868979 0.0622616
0.0621287 -0.942168 0.0697814
0.193227 -0.77225 -1.06113
-0.116286 -0.657954 0.221879
0.127002 -0.851465 0.454036
0.198269 -0.893725 0.893353
0.288653 -0.882424 0.736532
-0.183071 -0.7157 -0.0891061
0.0496515 -0.735966 0.910545
0.101764 -0.742674 0.941873
0.447899 -0.969824 -0.77116
0.172681 -0.999116 0.0631463
-0.130327 -0.740374 -0.092203
0.0860322 -0.723259 0.972824
-0.14214 -0.798945 -0.0722316
0.0246754 -0.694809 0.981534
-0.102305 -0.704047 -0.170609
0.128593 -0.750076 0.951341
-0.208954 -0.786541 0.0183893
-0.0553799 -0.678004 0.875865
0.241348 -0.923149 -1.05698
0.138001 -0.699719 -0.609713
-0.0436302 -0.685766 0.670648
0.111643 -0.834218 -0.282903
0.304537 -0.950214 -0.888212
0.0416249 -0.940508 0.194487
-0.0403117 -0.860666 0.103825
-0.244607 -0.758174 0.0743114
-0.0552962 -0.638143 0.814445
0.26101 -0.939202 -1.04071
-0.0356181 -0.88027 0.0948157
0.0803075 -0.830381 -0.155976
0.308332 -0.864561 0.989318
0.055413 -0.939238 0.247222
0.0324968 -0.782396 -0.178506
0.262667 -0.827043 0.974291
-0.040487 -0.673002 0.857536
0.113024 -0.899035 -0.972779
0.0110702 -0.754995 -0.191715
0.227251 -0.801166 0.962169
0.117312 -0.775697 -0.427428
0.144198 -0.786042 0.746245
0.157994 -0.999248 -0.310522
0.288357 -0.900572 0.406091
0.159838 -0.676789 -0.761175
-0.0740843 -0.639134 0.536916
-0.215785 -0.732442 -0.0242795
0.00151022 -0.714042 0.863726
0.278301 -0.864223 0.673206
0.264168 -0.854183 0.587081
0.0951675 -0.96216 -0.225675
0.303853 -0.938435 0.345584
0.170427 -0.67128 -0.837216
-0.0779705 -0.610007 0.470271
0.276273 -0.940943 -1.02293
0.214517 -0.821413 -1.01677
-0.0245275 -0.888034 0.0966946
-0.0712428 -0.731945 0.200862
0.197968 -0.739319 -0.94378
-0.123596 -0.914248 0.321471
-0.145788 -0.782426 -0.0627757
0.0315553 -0.692448 0.962842
-0.151774 -0.683039 -0.128669
0.0900849 -0.739625 0.90931
-0.165536 -0.822882 -0.0187023
-0.0403684 -0.675904 0.944846
0.0845305 -0.805002 -0.219007
-0.189504 -0.826715 0.0590718
-0.095122 -0.630722 0.885676
0.199463 -0.943808 -0.587168
0.168242 -0.811135 0.522954
0.00757981 -0.711155 -0.264081
0.180288 -0.77696 0.898761
0.195726 -0.993683 -0.392656
0.294124 -0.963526 -1.1001
-0.0437658 -0.876424 0.00938795
0.242929 -0.903704 -1.01845
-0.224144 -0.743563 0.0370078
-0.0248912 -0.669429 0.841808
-0.163883 -0.785232 0.506506
0.156458 -0.678034 -0.661252
-0.0530496 -0.653353 0.625883
0.27817 -0.850129 0.48642
0.188639 -0.974844 -0.349459
0.319272 -0.903432 0.450842
0.0808816 -0.939781 0.166925
-0.218764 -0.763068 0.0559238
-0.0425518 -0.639235 0.839087
-0.0274784 -0.878384 0.0781086
0.203687 -0.947701 -0.61371
0.151352 -0.809057 0.504213
-0.0911257 -0.709706 0.447575
0.23168 -0.804744 0.875469
0.0548973 -0.731784 -0.302617
0.197756 -0.788708 0.852869
-0.170137 -0.926321 0.230604
0.27789 -0.847438 0.519312
0.152717 -0.937792 -0.283371
0.337843 -0.947404 0.42426
0.281227 -0.939291 -1.08235
-0.0383492 -0.860375 0.039219
-0.033384 -0.797885 0.18038
0.223892 -0.874229 -1.01244
0.12051 -0.980371 -0.234883
0.30308 -0.9199 0.360907
0.220321 -0.969661 -0.477045
0.278158 -0.854029 0.55342
-0.254003 -0.85686 0.508179
-0.185243 -0.688829 -0.0768908
0.0726941 -0.729381 0.882185
0.214569 -0.995563 -0.549487
0.229091 -0.822318 0.496265
0.143796 -0.811872 -0.395133
0.224031 -0.810309 0.739486
-0.0202081 -0.892022 0.0258148
0.0891328 -0.778684 -0.266723
0.264671 -0.827787 0.867002
0.310147 -0.945439 -0.869717
0.0612479 -0.930181 0.205496
0.00100622 -0.800649 -0.337331
0.43046 -0.951079 -0.819609
0.153478 -0.969244 0.102111
0.206691 -0.932436 -0.597122
0.153772 -0.79719 0.522977
0.154739 -0.745205 -0.557269
0.386744 -0.989749 -0.910607
0.215758 -0.957959 -0.657108
0.127757 -0.824642 0.456892
-0.0683049 -0.67243 0.2585
0.213329 -0.934 -0.537553
0.21702 -0.815276 0.558785
0.153875 -0.83971 -0.331994
0.275613 -0.844503 0.764279
0.0421522 -0.713906 0.85968
0.27118 -0.842946 0.621926
0.167708 -0.852803 -0.366559
0.272314 -0.843431 0.725256
-0.0425643 -0.927509 0.722979
0.311369 -0.950074 -1.04225
-0.0120263 -0.883673 0.0509438
0.298348 -0.939604 -1.04607
-0.0134635 -0.874093 0.0667807
0.0601395 -0.756474 -0.210898
0.264688 -0.806796 0.926575
-0.18696 -0.854969 -0.749018
0.223787 -0.958773 -0.7344
0.0820296 -0.854634 0.380852
0.27522 -0.905853 -0.985413
-0.00377978 -0.857549 0.153689
-0.224366 -0.711806 0.00218073
0.0125745 -0.690264 0.832634
0.314054 -0.937636 -0.879391
0.060812 -0.91326 0.192505
-0.212768 -0.752006 0.162443
-0.0468551 -0.564533 0.809623
0.285025 -0.936867 -0.837837
0.060375 -0.900596 0.257851
-0.233851 -0.724398 0.110566
-0.0169558 -0.612806 0.804312
0.209694 -0.726704 -0.863407
-0.0524336 -0.648711 0.376555
-0.0762346 -0.899183 0.204983
0.341116 -0.933843 -0.900431
0.0689595 -0.91852 0.169711
0.101326 -0.818329 0.43517
0.0206376 -0.87449 0.13519
-0.0366967 -0.813328 -0.751552
0.225977 -0.923272 -0.633031
0.128829 -0.793553 0.484275
0.338202 -0.934988 -0.945119
0.211428 -0.867128 -0.542167
0.15978 -0.774346 0.59978
0.193637 -0.704869 -0.712892
0.363105 -0.980661 -0.992006
0.0330604 -0.901253 0.0477785
0.184778 -0.775407 -0.517858
0.103095 -0.731233 0.669981
0.474497 -0.99729 -0.817685
0.189882 -0.948393 0.0471765
0.3485 -0.962655 -0.996985
0.0140718 -0.893937 0.0635335
0.336252 -0.938607 -0.986453
0.0265527 -0.890739 0.0988069
0.416169 -0.934197 -0.880478
0.126581 -0.926462 0.140221
0.371955 -0.941085 -0.929245
0.0782969 -0.906046 0.128812
0.124679 -0.857165 -0.815953
0.475393 -0.9763 -0.822996
0.190624 -0.94797 0.0730173
0.241325 -0.770654 -0.918718
-0.0271341 -0.677755 0.295678
0.224337 -0.865505 -0.505687
0.200988 -0.774925 0.616386
0.214635 -0.780304 -0.624389
0.0383547 -0.695556 0.582189
0.278517 -0.876812 -0.931298
0.0269709 -0.824207 0.210745
0.258177 -0.937887 -0.769874
0.235149 -0.880514 -0.474296
0.244399 -0.793775 0.624731
0.241074 -0.872647 -0.597586
0.129423 -0.750944 0.542246
0.246514 -0.886404 -0.686195
0.0843416 -0.769614 0.460406
0.448533 -0.990973 -0.892576
0.131892 -0.904516 0.0642503
0.402839 -0.979478 -0.957784
0.249175 -0.761521 -0.838066
-0.00204215 -0.678775 0.356013
0.310642 -0.88875 -0.936212
0.0466616 -0.853952 0.18577
0.405094 -0.951707 -0.931095
0.0876649 -0.8905 0.106451
0.450011 -0.970763 -0.893277
0.136845 -0.904813 0.0873782
0.400169 -0.961763 -0.956813
0.0817349 -0.885304 0.0822243
0.352393 -0.899975 -0.946145
0.0669721 -0.871811 0.151848
-0.168844 -0.861131 0.482333
0.28667 -0.849684 -0.883845
0.0518194 -0.945644 -0.574264
0.0714881 -0.864919 0.211922
0.286926 -0.862965 -0.844084
0.0547018 -0.791847 0.290479
0.308205 -0.88616 -0.848813
0.0706236 -0.834465 0.262467
0.249005 -0.740907 -0.76371
0.0169202 -0.658873 0.437084
0.251471 -0.752558 -0.682227
0.0345643 -0.662574 0.518481
0.139338 -0.831525 -1.00003
0.298987 -0.810704 -0.83249
0.0574292 -0.729101 0.306853
0.298496 -0.853081 -0.751853
0.0883555 -0.740344 0.374687
-0.0678715 -0.827895 -0.863448
-0.128454 -0.851469 -0.770445
-0.201274 -0.946977 0.467299
-0.223264 -0.924949 0.555678
0.0584281 -0.938507 -1.00179
0.0279071 -0.967638 -0.824935
0.0427305 -0.977075 -0.634075
0.0371478 -0.912179 -0.418029
0.083377 -0.851325 -0.90202
0.0553822 -0.884731 -0.750302
0.0428538 -0.88546 -0.579164
0.0554561 -0.825557 0.720054
-0.00917277 -0.925172 -0.241567
0.0172522 -0.953446 -0.141661
0.0674406 -0.669279 -0.956661
0.0569852 -0.714444 -0.854761
0.00852129 -0.738238 -0.681246
-0.00913486 -0.776813 -0.539584
-0.128385 -0.793641 -0.222202
-0.1736 -0.819005 0.303049
-0.0782918 -0.888702 0.442428
0.0629769 -0.863367 0.581249
0.252194 -0.914213 0.725219
0.252323 -0.952648 0.969516
-0.192397 -0.628742 0.405525
-0.178142 -0.691731 0.457407
-0.109655 -0.83431 0.56201
-0.0303629 -0.84686 0.754791
0.080702 -0.864255 0.794672
0.120891 -0.870663 1.00054
0.156961 -0.892028 1.13285
0.20733 -0.828143 -0.741848
0.0619455 -0.922301 0.975203
0.0247287 -0.820245 0.368898
0.00382395 -0.841141 -0.287105
-0.0134575 -0.746186 0.446812
-0.0743288 -0.745674 -0.912933
0.263929 -0.94644 -0.871132
0.279485 -0.961688 -0.841833
0.0128807 -0.856612 0.282799
-0.0211157 -0.870268 0.124513
0.119444 -0.847368 0.441725
-0.0155851 -0.805455 0.502676
-0.0253985 -0.882071 -0.92512
-0.0717429 -0.852237 -0.691721
-0.0918569 -0.858952 0.288816
0.105793 -0.933281 -0.793542
0.28875 -0.954272 -0.868763
0.166412 -0.852098 0.730248
-0.081952 -0.953591 1.07269
-0.0610376 -0.784791 -0.614405
-0.134096 -0.917779 0.535421
0.099114 -0.807556 -0.610342
0.0403349 -0.817352 -0.21731
0.197754 -0.892456 0.965699
0.164959 -0.998895 0.487912
0.174163 -0.905855 -0.861262
-0.0203564 -0.776837 -0.924379
0.313969 -0.967858 -1.05986
-0.0037134 -0.924506 1.06837
-0.0169396 -0.977576 -0.399365
-0.0427289 -0.788473 0.334494
-0.00459264 -0.911305 0.240276
0.136676 -0.783298 -0.700612
-0.258789 -0.857082 -0.317067
-0.106559 -0.89782 -0.553331
-0.289834 -0.875815 0.124617
-0.199243 -0.951206 0.359935
0.0657735 -0.787293 0.54833
-0.161171 -0.755522 0.411251
-0.0375792 -0.745817 0.234537
-0.136368 -0.971229 -0.57414
-0.126491 -0.96638 -0.559085
0.230938 -0.910069 -0.824843
0.169856 -0.905304 -0.777135
-0.0384144 -0.93532 -0.977804
0.115237 -0.879638 -0.422318
0.232415 -0.859212 0.718891
0.0250615 -0.887559 0.731711
-0.0757976 -0.986733 0.360196
-0.244587 -0.75047 0.291501
-0.0587977 -0.871638 -0.249124
-0.010685 -0.878406 0.656242
0.20836 -0.972178 0.439773
0.0202317 -0.848791 -0.416551
-0.0428002 -0.927267 0.504546
0.125436 -0.734215 -0.786682
-0.100493 -0.910008 -0.491687
-0.0554689 -0.96696 -0.929325
0.149844 -0.867199 -0.687126
0.149504 -0.949712 -0.818848
-0.0110033 -0.994085 -0.812933
-0.0803612 -0.949484 -0.692963
-0.0421912 -0.878713 -0.782247
0.147648 -0.930064 0.870884
-0.0292283 -0.876375 0.105494
-0.128628 -0.780696 -0.893687
-0.0916462 -0.797898 0.467907
-0.216505 -0.956903 -0.921032
0.313145 -0.960159 0.368072
0.0587076 -0.925962 0.215702
0.0895535 -0.873981 0.696056
-0.0532178 -0.92327 -0.753163
0.084224 -0.890672 0.0588756
-0.104934 -0.713876 0.36329
0.179811 -0.854024 -0.925586
0.0864931 -0.715921 -0.710482
-0.022457 -0.719232 0.891244
0.116257 -0.999213 -0.751126
0.0494684 -0.934665 0.211065
-0.0706778 -0.965987 -0.451644
0.0549816 -0.995716 -0.375385
0.0544894 -0.925686 -0.857666
0.0602689 -0.798655 -0.784096
0.0738089 -0.925118 0.909674
-0.0384452 -0.933398 1.04696
-0.221348 -0.861097 -0.266836
0.0795454 -0.832517 -0.389818
0.0690942 -0.819479 -1.11172
0.101285 -0.999314 0.572303
0.114678 -0.999031 0.581316
0.0423705 -0.937105 -0.700997
0.0125185 -0.885821 -0.495354
-0.212576 -0.768255 -0.0292901
0.137951 -0.850501 0.886187
-0.126675 -0.823599 0.381963
-0.049714 -0.871097 0.571056
0.0571935 -0.993332 -0.420318
0.0985171 -0.815816 0.652135
0.0760429 -0.811867 0.361494
0.198617 -0.993407 0.531774
-0.162063 -0.950099 -0.808114
-0.0741731 -0.944072 0.616734
-0.0376977 -0.830819 0.240612
-0.0364214 -0.768292 -0.284935
0.15066 -0.900778 0.669177
0.128418 -0.776846 -0.889782
-0.174082 -0.867754 0.255883
0.113825 -0.853878 -0.496741
0.152569 -0.957489 -0.74421
0.272043 -0.886961 0.460377
-0.233585 -0.791795 0.422892
0.209865 -0.844478 0.826761
0.166939 -0.919153 -0.634293
0.179167 -0.830938 0.623056
-0.134351 -0.919569 0.644124
-0.113214 -0.942616 0.442547
-0.0294934 -0.785282 0.647798
0.174054 -0.90958 0.548351
-0.101794 -0.848541 0.686385
-0.0559935 -0.868861 -0.384725
0.229267 -0.94816 -0.903211
0.268015 -0.911165 0.52535
-0.181229 -0.967191 0.284883
0.024036 -0.811094 0.601403
-0.0145817 -0.909267 0.446509
-0.10006 -0.848411 -0.586992
-0.107081 -0.791448 -0.305193
-0.0953935 -0.737994 0.571957
0.10208 -0.809716 -0.532209
0.0398691 -0.939775 0.681363
0.20025 -0.940481 -0.679414
0.0410945 -0.923239 0.266641
0.0173114 -0.927576 0.276629
0.0776475 -0.990311 -0.744711
-0.200856 -0.709636 0.365693
0.0116437 -0.934262 0.226403
0.206051 -0.971997 -0.756221
-0.230428 -0.775148 0.515784
0.073579 -0.748657 -0.607541
0.0155504 -0.882921 0.405509
-0.204735 -0.859793 0.600099
-0.0119898 -0.945195 0.231516
0.0367081 -0.944952 0.266337
0.0114094 -0.859818 -1.03341
0.220673 -0.957317 -0.698711
0.167955 -0.956144 -0.696609
0.14461 -0.940202 -0.601928
0.166026 -0.822802 -0.58876
-0.125939 -0.901476 -0.193883
-0.0493563 -0.829617 -0.0835545
-0.039156 -0.961263 0.248263
0.184032 -0.927143 -0.953332
0.0717573 -0.962608 0.584724
0.11071 -0.961113 0.824165
0.203909 -0.969109 -0.720698
-0.0692628 -0.694814 -0.574805
0.0672571 -0.994167 -0.857645
-0.252023 -0.707951 0.524674
0.0998792 -0.984442 -0.486376
0.0995817 -0.992033 -0.463438
-0.0509457 -0.846296 -0.0942584
0.167025 -0.97597 -0.689872
0.179065 -0.862874 0.58145
-0.150022 -0.785894 0.636877
-0.0954602 -0.766834 0.283841
-0.0206547 -0.781736 -0.183422
0.232646 -0.949612 0.504891
-0.164318 -0.913586 -0.200997
0.198497 -0.970342 -0.65272
-0.0985999 -0.920369 -0.209765
0.00552349 -0.808902 -0.979271
0.213605 -0.861353 0.949051
0.0461567 -0.938686 -0.77108
-0.0848082 -0.875764 -0.136923
0.0915244 -0.833625 0.478383
0.19024 -0.961158 -0.666521
0.228579 -0.930411 0.577914
-0.138917 -0.969853 -0.838716
-0.0417012 -0.820584 -0.0892987
0.171747 -0.968312 0.63413
-0.00131172 -0.664347 -0.843179
0.267616 -0.93799 0.92509
-0.157933 -0.999639 0.360767
0.0639932 -0.863198 -0.327542
0.0728652 -0.844283 0.98834
-0.229124 -0.718184 0.0572165
0.231378 -0.955243 0.797932
-0.127992 -0.898676 -0.136675
-0.1424 -0.741709 -0.194753
-0.0441759 -0.830726 0.410221
-0.0798684 -0.972226 0.461381
-0.0870429 -0.946914 0.294052
-0.124615 -0.823781 -0.640285
-0.134393 -0.95868 0.267564
0.153088 -0.949002 0.758385
0.141913 -0.863241 1.12436
-0.249818 -0.74344 0.0516295
0.111947 -0.912162 -0.676838
-0.0208963 -0.706565 0.836198
0.155222 -0.888449 0.48286
-0.102853 -0.970615 -0.729593
0.0848757 -0.969834 -0.500139
0.0151751 -0.976981 -0.936455
0.271888 -0.898272 0.999961
0.0770955 -0.999381 -0.889802
-0.114311 -0.955922 0.317008
0.117829 -0.877183 1.0512
0.180343 -0.904586 1.05388
0.218935 -0.917847 0.543171
-0.0262863 -0.969582 0.183596
-0.0549862 -0.935485 0.359275
0.212748 -0.883829 1.01361
0.101931 -0.915103 0.768871
0.349884 -0.967162 -0.952687
0.00507165 -0.953541 1.05401
0.11707 -0.987744 -0.776646
-0.0672064 -0.956337 0.253876
-0.0944326 -0.885023 0.162385
-0.17416 -0.780552 -0.061371
0.0621486 -0.977934 0.999092
-0.0354715 -0.799355 -0.171677
-0.239557 -0.73323 0.474736
0.187431 -0.975557 1.02252
-0.0850647 -0.885755 -0.18442
-0.300003 -0.808272 0.290007
-0.0704368 -0.966535 0.283544
0.0080975 -0.799088 0.291977
-0.0340143 -0.822426 -0.0969175
-0.207114 -0.704161 -0.0358363
-0.0376072 -0.999694 -0.469125
0.168742 -0.818112 0.972122
-0.123323 -0.973907 0.410717
0.153826 -0.801672 1.00072
-0.110186 -0.905109 -0.677759
-0.0477718 -0.959307 0.382141
-0.0673371 -0.856008 0.138571
0.00213486 -0.945219 0.251072
0.00816251 -0.93881 0.319475
0.175046 -0.978841 0.439892
0.0792502 -0.892593 0.950897
-0.109556 -0.915474 -0.191291
-0.157269 -0.849097 -0.214172
0.168254 -0.894928 0.777844
-0.22331 -0.942939 -0.930123
0.115046 -0.863878 1.11845
0.159183 -0.809203 1.04024
-0.101874 -0.890024 -0.218061
0.00598704 -0.99011 -0.410041
0.229774 -0.915231 0.511208
0.305976 -0.924999 -0.991962
-0.0407201 -0.83408 -0.0991205
0.0980619 -0.943894 1.01285
-0.0573701 -0.87828 -0.172275
0.269188 -0.91978 -0.930564
0.0870889 -0.999227 -0.765653
-0.158388 -0.768017 -0.113315
0.205621 -0.933346 0.533724
0.0692081 -0.949498 0.76893
0.0725136 -0.998946 -0.485104
0.315122 -0.953904 -0.950636
-0.0144761 -0.830148 0.165796
-0.0163363 -0.963145 0.442316
0.194031 -0.895662 0.512893
0.261642 -0.886793 1.04001
0.149588 -0.961076 -0.406365
0.243492 -0.894751 0.643276
0.0990255 -0.993332 -0.770963
0.0692454 -0.878855 0.456791
-0.171707 -0.889148 -0.201765
-0.0834523 -0.836088 -0.475524
0.145718 -0.906462 0.447592
0.193027 -0.996535 1.05049
0.203326 -0.885627 1.09924
0.219403 -0.956681 0.453631
-0.303124 -0.750484 0.357859
-0.0528296 -0.75914 -0.993557
-0.098633 -0.932454 -0.1621
-0.00213122 -0.93863 0.341152
0.163492 -0.892828 0.453467
-0.0844034 -0.909071 -0.158013
0.00708296 -0.955535 0.277189
0.288467 -0.928562 -0.9632
0.0494317 -0.999436 -0.911326
0.10191 -0.978611 -0.597184
0.240674 -0.818961 -0.955683
-0.0876777 -0.981087 -0.845535
0.0547459 -0.981975 -0.555135
0.216027 -0.934717 0.49963
-0.210309 -0.83993 -0.220192
-0.112877 -0.75052 -0.162379
-0.130323 -0.897614 -0.209243
-0.0369556 -0.893046 0.157155
-0.229775 -0.818185 -0.229093
0.174709 -0.947491 0.3862
0.130798 -0.995181 -0.791357
0.318326 -0.914012 -0.941118
0.0694199 -0.999166 -0.862019
0.411138 -0.99905 -0.838805
-0.0627165 -0.901395 0.0895526
0.186181 -0.841231 0.970885
0.177192 -0.843069 1.05309
0.275091 -0.926568 0.984919
0.0636007 -0.996548 -0.47839
-0.0809812 -0.657671 0.85237
0.133601 -0.883023 1.07929
-0.144248 -0.852382 -0.303614
0.296267 -0.945797 -0.973006
0.163041 -0.955465 0.35972
-0.0465849 -0.812796 0.142218
0.241419 -0.906244 1.01196
0.161731 -0.79258 0.978633
-0.0595101 -0.930239 0.153368
0.200634 -0.963313 1.07295
-0.151045 -0.907902 0.413804
-0.0734601 -0.834215 -0.305341
-0.00749467 -0.869443 1.04802
-0.220818 -0.799303 0.04873
0.237803 -0.866209 -0.800151
-0.0430662 -0.86867 0.142298
-0.0441753 -0.825565 -0.136744
0.183827 -0.884204 1.14511
0.0774145 -0.994552 -0.510063
0.0117827 -0.997704 -0.53328
0.207259 -0.913574 0.486514
0.0719697 -0.923475 1.07861
0.137431 -0.8959 0.935208
0.0889202 -0.88136 1.06913
-0.0741368 -0.850331 -0.0762746
-0.118192 -0.916482 -0.211791
0.184444 -0.923163 1.13224
-0.126997 -0.92053 -0.189741
-0.0395502 -0.865339 -0.102286
0.249738 -0.896853 1.08377
0.166457 -0.77667 0.989133
-0.243779 -0.737541 -0.000200186
0.314752 -0.907737 -0.971241
-0.0499764 -0.959814 0.315101
-0.110336 -0.93254 -0.199066
-0.0286645 -0.910135 0.0810873
-0.0875478 -0.84302 -0.12057
0.159869 -0.892885 1.08841
0.00909401 -0.867033 1.08044
0.219397 -0.951448 0.4427
0.169469 -0.964619 -0.656661
-0.135667 -0.927739 -0.108718
-0.125984 -0.978894 0.371189
-0.0213315 -0.82781 -0.159738
0.0647519 -0.989872 -0.493239
0.246003 -0.965294 0.427336
0.337715 -0.919618 -0.915706
0.365096 -0.94528 -0.960095
0.186018 -0.933083 0.955028
-0.0306444 -0.739085 -0.262341
-0.118711 -0.93443 -0.188422
-0.0145072 -0.999405 -0.491389
-0.145993 -0.907739 -0.195232
-0.0464933 -0.817446 -0.19058
0.0266454 -0.877235 -0.143659
-0.0621484 -0.918173 0.269449
-0.036592 -0.960844 0.336093
0.240515 -0.90672 -0.895288
0.125053 -0.866523 -0.604289
0.0960134 -0.999372 -0.852712
0.190208 -0.970625 1.13789
-0.0471795 -0.963623 -0.838246
-0.0834515 -0.788345 -0.674874
0.0213894 -0.930199 0.34536
0.182163 -0.983198 -0.683962
0.0170688 -0.818607 -0.172485
-0.093184 -0.946712 -0.575201
-0.00496046 -0.799455 -0.155711
0.213928 -0.979512 0.456166
0.131381 -0.898432 1.02801
0.198838 -0.969423 -0.662456
0.175937 -0.823986 0.914833
-0.183144 -0.88064 0.197332
0.0458402 -0.938841 -0.629223
-0.143673 -0.998458 0.336035
0.131026 -0.76765 -0.982953
0.231422 -0.865281 1.06457
0.206427 -0.943538 0.558237
-0.102344 -0.943308 -0.200186
-0.00829083 -0.712957 -0.848205
0.103111 -0.899112 0.836202
-0.102471 -0.893473 -0.155277
0.262363 -0.973319 0.498946
0.163897 -0.894438 -1.04724
0.0496049 -0.743867 -0.940817
-0.00986696 -0.767678 -0.205615
0.0545434 -0.879824 -0.964937
0.199263 -0.816761 0.953111
-0.0306508 -0.92771 0.318119
-0.0100624 -0.80274 0.810386
-0.0106127 -0.963896 0.523881
-0.0269758 -0.741393 -0.754962
-0.0282495 -0.818355 -0.103744
-0.0354099 -0.976242 -1.02008
-0.426979 -0.959602 0.17744
-0.128265 -0.931075 -0.206641
-0.184373 -0.82871 -0.815568
0.0380258 -0.8103 -0.453249
-0.000588136 -0.837359 -0.142859
-0.0517762 -0.797657 -0.129404
0.186593 -0.923053 -0.712616
0.31587 -0.930877 -0.962084
-0.239468 -0.728094 -0.0232978
-0.202851 -0.903581 0.318513
-0.157096 -0.973059 0.432986
0.0118243 -0.827927 -0.151512
0.207317 -0.954865 -0.986657
-0.187133 -0.726603 0.222392
-0.00225324 -0.945691 0.309064
-0.111045 -0.884213 -0.186254
-0.121959 -0.891116 -0.269276
-0.256912 -0.825686 -0.25523
-0.0287961 -0.762497 -0.446483
-0.0558638 -0.687697 0.82601
0.155214 -0.901521 0.986749
-0.0658357 -0.862705 -0.10209
0.00939363 -0.947255 0.3161
-0.260119 -0.925551 0.39516
0.0187321 -0.980901 -0.51869
-0.112497 -0.953783 -0.199596
0.224206 -0.933616 0.482961
0.168551 -0.986251 -0.733627
0.0422254 -0.994971 -0.482069
-0.187182 -0.723895 -0.148371
0.0963866 -0.891684 1.02738
0.0177335 -0.857395 0.505623
0.0594381 -0.994816 -0.482262
0.182046 -0.945085 1.03481
0.108358 -0.654991 -0.835666
0.207803 -0.964199 0.922572
0.115614 -0.901407 -0.894849
0.0687532 -0.999175 -0.804385
-0.0390288 -0.81126 -0.126878
-0.0185825 -0.983853 -0.883092
0.247664 -0.899947 0.812796
-0.112282 -0.939785 -0.173948
0.00589657 -0.824262 -0.140895
0.218451 -0.944677 0.516837
0.0898232 -0.910273 -0.51353
-0.0348483 -0.80893 -0.147505
0.157451 -0.992682 -0.788711
-0.319156 -0.785463 0.3393
-0.0540539 -0.938875 0.419768
-0.026167 -0.780768 -0.216344
-0.0259143 -0.973189 0.339439
-0.0223274 -0.811552 -0.147975
-0.0333661 -0.830277 -0.124738
-0.178887 -0.869895 -0.663024
-0.00226898 -0.889203 -0.157836
-0.278726 -0.794187 0.348893
-0.139092 -0.836654 -0.834595
0.108126 -0.98491 -0.915431
-0.0784114 -0.942635 -0.903469
0.0439436 -0.840356 -0.138397
-0.132689 -0.934649 -0.193983
-0.0883611 -0.99335 -0.836441
-0.0413885 -0.885975 0.341604
0.0617221 -0.994667 -0.81486
-0.0695228 -0.903364 -0.208457
0.135294 -0.974973 -0.724316
0.277542 -0.908248 1.06632
-0.0579026 -0.765141 -0.152524
0.0442181 -0.849144 -0.160036
0.221584 -0.985231 -0.804898
0.196618 -0.860649 0.99498
-0.0436146 -0.902664 0.114339
-0.00607801 -0.794357 -0.17124
-0.118429 -0.886247 -0.721241
0.0177508 -0.771134 -0.232087
0.0117459 -0.77045 -0.402185
0.0112819 -0.999026 -0.494143
-0.197562 -0.837194 -0.777295
0.00265617 -0.950135 0.304914
-0.148533 -0.923704 -0.19826
-0.048958 -0.939651 0.280907
-0.0775838 -0.749797 -0.255756
0.0021176 -0.994478 0.726378
0.17586 -0.781063 0.684452
0.167978 -0.822174 -0.468319
-0.064104 -0.925416 0.316029
0.162983 -0.810596 0.676453
0.056577 -0.831901 -1.01856
0.0353223 -0.921209 0.783455
0.00414189 -0.991603 -0.482219
0.230422 -0.954514 0.710153
-0.00123265 -0.735069 -0.887338
0.197331 -0.86902 1.0586
-0.038804 -0.757689 -0.203037
0.349428 -0.940351 -0.95519
-0.190454 -0.801564 -0.00706394
0.126556 -0.840424 1.06936
0.184434 -0.943031 0.367381
0.108431 -0.999666 -0.904916
0.164867 -0.879008 1.0327
-0.0416148 -0.963083 0.306456
-0.0197232 -0.928427 -0.59032
0.102044 -0.999155 -0.835826
-0.0149016 -0.831635 -0.143801
0.131699 -0.893959 1.11619
0.277306 -0.955763 -0.914405
-0.152103 -0.700022 0.519088
-0.00601676 -0.94119 0.288951
0.307655 -0.887162 -0.894475
-0.0718155 -0.793971 0.212077
-0.108643 -0.999422 0.520524
0.170466 -0.786824 1.01485
0.149498 -0.925071 1.02214
0.0380108 -0.905912 1.09818
-0.0614857 -0.907456 -0.140235
0.179651 -0.936079 0.404135
0.11327 -0.999452 -0.45255
-0.0353013 -0.825534 -0.110286
0.113333 -0.892748 0.508553
0.134368 -0.935253 0.970696
-0.306063 -0.765034 0.415316
0.0030942 -0.967726 0.412326
0.120369 -0.969061 0.984209
-0.0375556 -0.694079 0.84427
0.00531755 -0.942129 0.601875
-0.148892 -0.667949 0.379846
0.0171992 -0.844004 -0.150306
0.160153 -0.945752 0.412216
-0.072021 -0.973783 0.308891
0.170443 -0.970108 -0.797245
0.226689 -0.912304 0.459261
-0.0398391 -0.882204 0.123224
-0.0885787 -0.745091 -0.746203
-0.173069 -0.803912 -0.852702
-0.212826 -0.894084 0.174765
0.0236449 -0.998972 -0.47092
-0.137455 -0.925313 -0.14931
0.0103391 -0.692675 -0.729208
0.36777 -0.950305 -0.971796
-0.104488 -0.934883 -0.185101
0.199116 -0.953443 1.11905
0.0357683 -0.637823 -0.759671
-0.000475127 -0.93079 -0.809799
-0.285735 -0.741349 0.241847
-0.020127 -0.966343 -0.518747
-0.00700644 -0.912138 0.577032
-0.0323796 -0.884166 -0.149929
0.258836 -0.840683 -0.929867
-0.0581542 -0.809392 -0.163336
0.0694345 -0.994992 -0.540658
0.164514 -0.972039 -0.480357
0.243803 -0.936168 -0.820275
0.017862 -0.946872 0.27012
0.2332 -0.864943 -0.875409
-0.0623993 -0.828485 -0.141079
0.122264 -0.925777 -1.02115
-0.0640558 -0.773506 -0.12857
0.27529 -0.782959 -0.791825
0.12965 -0.92039 1.1159
-0.25728 -0.959975 -0.961023
-0.0371214 -0.97402 0.603133
0.0682632 -0.909503 0.575888
-0.0504713 -0.944193 -0.495942
0.0117386 -0.756593 -0.289102
-0.0563905 -0.88108 0.115297
0.104823 -0.999184 -0.775067
0.21047 -0.94246 0.5076
-0.0933769 -0.971589 0.522305
-0.217796 -0.795398 -0.0249261
0.248517 -0.87523 0.891585
-0.028197 -0.815886 -0.132168
0.235698 -0.896157 0.581264
0.141418 -0.985294 -0.948475
0.109843 -0.869434 1.08737
-0.0245786 -0.869421 -0.0830463
-0.0222076 -0.950307 -0.557774
0.289904 -0.872708 0.828792
0.303941 -0.934583 -0.926274
-0.0057319 -0.884064 1.0989
-0.129162 -0.986361 0.30356
0.16212 -0.903827 -0.522882
-0.0303129 -0.836949 -0.106412
0.0962647 -0.824371 0.556564
0.0593918 -0.997651 -0.543746
-0.0286275 -0.890692 0.124087
-0.212126 -0.870799 -0.201781
-0.0304914 -0.824778 -0.143673
0.00312978 -0.834116 -0.19085
0.0776523 -0.799484 -0.967802
-0.320539 -0.99886 -0.971683
-0.101402 -0.922866 -0.231838
0.0430566 -0.991653 -0.501124
-0.00593274 -0.881368 -0.126449
-0.0320988 -0.999203 -0.724647
0.0878284 -0.999103 -0.812832
0.157368 -0.778645 0.674966
0.167043 -0.820253 -0.48545
-0.0115176 -0.987337 0.716823
-0.111024 -0.919936 -0.635629
0.0759572 -0.981359 -0.431372
-0.0046097 -0.823049 -0.151409
0.0292439 -0.979611 -0.780906
0.144562 -0.988757 -0.851096
0.0684293 -0.99488 -0.49351
-0.0915381 -0.989725 0.379462
0.0942663 -0.924316 1.07582
0.1011 -0.901083 1.10301
-0.0327923 -0.88091 0.27172
-0.0642473 -0.985949 -0.961547
0.2114 -0.942385 0.500309
0.112444 -0.92253 -0.738561
0.0251632 -0.896308 0.315939
-0.0759898 -0.835919 -0.207983
0.137773 -0.982014 -0.68922
-0.0214333 -0.807022 -0.131339
0.219353 -0.966223 -0.819182
0.213734 -0.935355 0.517568
-0.00378873 -0.791277 -0.15972
-0.0412206 -0.956422 0.563831
0.075077 -0.965737 -0.907948
0.017525 -0.930004 0.308303
0.228541 -0.953609 0.53726
0.078895 -0.99296 -0.4759
0.0560518 -0.780006 -0.358138
0.0613898 -0.985738 -0.874302
0.029013 -0.881922 -0.25966
-0.0332128 -0.984134 -0.71276
-0.137315 -0.937731 -0.1843
0.0113139 -0.887939 1.0514
-0.0575271 -0.917664 -0.17661
0.0462367 -0.988295 -0.479492
0.0243514 -0.954869 0.147209
0.304523 -0.953511 0.793484
0.190124 -0.942542 0.514005
-0.0235253 -0.965741 0.375804
-0.145197 -0.885916 -0.20558
0.148927 -0.976337 -0.761718
0.153823 -0.947813 0.997872
-0.157223 -0.982867 -0.993666
-0.171241 -0.866971 -0.708663
0.0880204 -0.990431 -0.431324
0.110994 -0.995702 -0.825564
0.097293 -0.966871 0.65112
-0.205511 -0.766587 0.262013
0.195136 -0.854495 1.02813
-0.136753 -0.884425 -0.235109
0.172436 -0.902564 1.17135
0.339572 -0.954055 -0.922815
-0.123023 -0.826663 -0.377132
-0.0134456 -0.8195 -0.139004
-0.00914135 -0.913865 1.04709
-0.0130208 -0.90467 -0.104135
-0.00927805 -0.953457 0.286498
0.201573 -0.934005 0.493603
-0.23565 -0.801566 0.254375
0.243083 -0.815703 0.818841
-0.114588 -0.854987 1.12255
-0.0216011 -0.920567 0.136949
-0.119858 -0.948204 -0.1857
-0.190164 -0.971585 -0.950894
-0.0314265 -0.801314 -0.124496
0.346183 -0.918391 -0.926369
0.0477777 -0.998999 -0.550109
-0.0376028 -0.893306 0.0608112
-0.0957611 -0.875546 -0.324578
0.070097 -0.989447 -0.911658
0.0208287 -0.925498 0.970739
0.0100696 -0.942047 0.841212
0.0442558 -0.750317 -0.385468
-0.243776 -0.75838 0.358958
-0.274369 -0.66956 0.405544
-0.0623564 -0.652375 0.860772
-0.122496 -0.924113 -0.779583
-0.0269797 -0.880444 -1.07695
-0.0279916 -0.967325 0.348273
0.0848589 -0.835729 1.10946
0.0573965 -0.987922 -0.823943
-0.143154 -0.934075 -0.125267
-0.0559297 -0.879048 0.813891
-0.0921557 -0.906988 -0.904929
-0.109029 -0.834831 0.232657
-0.221034 -0.805367 0.197915
-0.221604 -0.933957 -0.952255
-0.00370717 -0.863483 0.217316
0.0195746 -0.864748 -0.18003
0.0408377 -0.920876 0.0953407
-0.0396724 -0.920733 -0.854879
-0.0971489 -0.868225 1.12984
0.187284 -0.808083 1.02685
0.206994 -0.984558 -0.449211
-0.0307331 -0.964635 0.328259
-0.200013 -0.723644 -0.0560307
0.209644 -0.940472 0.502371
-0.00748058 -0.891733 0.14518
-0.342842 -0.960215 -0.335768
-0.110183 -0.946476 -0.978767
0.0897607 -0.998841 -0.824408
0.206239 -0.819456 -0.836511
-0.024185 -0.963054 -0.672799
-0.126707 -0.945111 -0.191915
0.176032 -0.969237 1.12193
-0.0661013 -0.987402 -0.148607
0.171402 -0.781224 1.00067
-0.0327007 -0.840552 -0.143807
-0.112763 -0.718136 -0.129201
-0.0112492 -0.847634 -0.221674
0.049271 -0.897272 0.632498
0.0044921 -0.953038 0.267811
0.193318 -0.993674 -0.845225
-0.0295956 -0.805541 -0.12692
-0.23833 -0.761888 0.0271678
-0.0238744 -0.92153 -0.521464
-0.0564895 -0.991927 0.40679
-0.11534 -0.946724 -0.195585
0.231805 -0.958247 1.10241
0.138688 -0.932931 0.603232
0.0825947 -0.999323 -0.454373
-0.207612 -0.836261 -0.250403
-0.230045 -0.893097 0.263113
-0.0268739 -0.896424 -0.299484
0.0317819 -0.801168 -0.884672
0.209376 -0.933308 0.496582
0.120694 -0.939932 -0.913884
-0.133071 -0.963383 -0.25862
-0.210122 -0.72555 0.234729
-0.18897 -0.738934 0.247451
0.118227 -0.953729 -0.546944
-0.0722232 -0.690649 0.910322
-0.041999 -0.993708 -0.767818
-0.0785256 -0.9655 -0.762933
0.120976 -0.908982 -0.825205
0.268208 -0.945083 0.576112
-0.0503933 -0.801405 -0.247609
-0.125145 -0.746054 -0.271778
-0.0216152 -0.880934 -0.104072
-0.118339 -0.792596 -0.73722
0.10531 -0.94768 -0.975888
0.038864 -0.77833 0.262194
0.0144104 -0.885501 0.19049
-0.00583811 -0.974022 0.356319
-0.0980407 -0.741755 -0.195179
-0.0736796 -0.977145 -0.7032
-0.0422545 -0.940655 0.229545
0.245543 -0.909869 0.896278
0.153551 -0.944746 0.534695
-0.0549146 -0.964665 0.342428
0.227134 -0.921769 0.937161
0.193403 -0.925156 1.08545
0.0661238 -0.912284 1.03763
0.0900528 -0.811091 -0.333124
0.274713 -0.78866 -0.87843
-0.121181 -0.865286 -0.21055
-0.275661 -0.899395 0.218333
-0.0276688 -0.969212 -0.759378
0.10313 -0.789936 1.07817
0.130818 -0.956111 0.0570466
-0.0849249 -0.778306 -0.793995
-0.0114724 -0.932835 -0.921706
-0.135222 -0.694249 0.31182
-0.117351 -0.848943 -0.164649
0.219628 -0.935526 0.627341
0.0447801 -0.95847 -0.508909
0.0163966 -0.862819 -0.64459
-0.0254272 -0.838013 0.149395
-0.0527718 -0.999799 -0.941213
0.220011 -0.888326 -0.741924
0.201633 -0.964871 0.50887
0.013253 -0.90756 -0.33017
-0.16048 -0.915566 0.176965
-0.0552143 -0.835052 0.105853
0.287898 -0.849052 0.913647
0.293866 -0.920848 -0.901622
0.00213814 -0.957657 -0.88359
0.0476709 -0.869218 -0.212933
0.16161 -0.989101 -0.829842
0.202692 -0.940639 -0.846348
0.152442 -0.928235 1.0833
0.135905 -0.942677 1.06473
-0.0696925 -0.74346 -0.704815
0.360624 -0.947221 -0.891267
0.273472 -0.943071 0.813366
0.180391 -0.980788 -0.879486
-0.0369994 -0.963554 -0.140819
-0.101964 -0.998566 -0.970868
0.293407 -0.92308 0.883979
-0.100383 -0.947333 -0.83113
0.209191 -0.874574 0.531652
0.108573 -0.97601 0.534423
0.0369414 -0.94536 -1.05813
-0.246292 -0.959433 0.194926
-0.14033 -0.961844 -1.02606
0.228663 -0.89117 0.931468
0.196907 -0.947647 -0.780316
0.136197 -0.850954 0.820421
-0.0254946 -0.943271 0.275545
-0.205647 -0.781907 -0.0141862
-0.00208919 -0.938862 0.0951607
0.295925 -0.877998 -0.796138
-0.188715 -0.910715 -0.85787
-0.0426168 -0.790906 -0.155092
-0.0763341 -0.963008 0.317095
-0.218178 -0.880008 -0.219886
-0.219692 -0.854857 -0.241565
0.291602 -0.924775 1.04276
-0.0541271 -0.830225 1.12464
-0.242568 -0.772464 0.169537
0.251222 -0.998867 0.618338
-0.0117776 -0.889921 -0.0710672
0.0312872 -0.879427 1.03979
0.275373 -0.999048 -1.02611
0.179114 -0.999282 -0.489708
0.134169 -0.907658 1.13839
-0.0903337 -0.919742 -0.188824
0.198653 -0.966617 0.57356
-0.144322 -0.943107 -0.248043
-0.110146 -0.786424 -0.170635
0.0398744 -0.888126 1.07046
0.208749 -0.849328 0.89223
-0.0226444 -0.898181 -0.194532
-0.0621307 -0.780431 -0.191805
0.0903791 -0.657486 -0.674792
-0.112993 -0.837657 -0.255458
0.176416 -0.781957 0.978943
-0.125748 -0.732679 -0.156318
0.0104125 -0.947399 0.289464
0.108504 -0.918737 1.05004
-0.00118232 -0.794412 -0.256801
0.0978197 -0.96652 0.477076
-0.0345399 -0.702977 0.903971
0.00166234 -0.914192 -1.03386
-0.221923 -0.763237 0.0162936
0.0547401 -0.701621 -0.995714
0.194147 -0.98441 -0.857562
-0.0693234 -0.755297 -0.323767
-0.091302 -0.93046 -0.134676
0.150549 -0.924703 1.12226
0.380796 -0.930675 -0.897625
-0.140741 -0.715879 0.239488
-0.0346711 -0.915852 -0.642604
0.138499 -0.965459 -1.00945
0.0183561 -0.914235 -0.164693
-0.0119703 -0.922329 0.282675
-0.0645245 -0.915174 -0.265719
-0.0813252 -0.956763 0.358088
0.12322 -0.949481 1.03595
-0.127805 -0.767989 0.174932
-0.0545505 -0.85633 -0.136587
-0.358715 -0.951592 0.208157
0.112034 -0.971824 -0.637498
0.0941473 -0.979167 -0.441369
-0.0584348 -0.78035 -0.388796
0.160058 -0.982582 1.08285
0.131631 -0.840482 0.514529
0.188914 -0.812197 1.06426
-0.0283248 -0.95103 0.349934
0.241541 -0.971003 0.50323
0.254234 -0.999125 0.761145
-0.0289192 -0.850996 -0.173314
0.0252735 -0.985435 -0.851711
0.0987541 -0.999121 -0.796076
0.0742294 -0.857959 1.04278
0.0561106 -0.93499 -0.934907
-0.111518 -0.717156 -0.177463
-0.166435 -0.755083 0.309244
0.0304637 -0.90002 -1.08466
0.136197 -0.917015 1.06153
0.392446 -0.936795 -0.904706
0.022851 -0.908403 1.0449
0.244286 -0.985735 -0.835086
-0.0727582 -0.838298 -0.165165
0.15011 -0.962769 0.929285
0.228249 -0.911843 1.12915
0.258766 -0.941371 1.07947
0.14744 -0.929174 -0.478211
0.153062 -0.99285 -0.730219
0.162559 -0.880862 0.844095
-0.227184 -0.782251 -0.0167389
0.364222 -0.93217 -0.868696
0.0725569 -0.860757 0.315119
-0.112426 -0.773143 0.219385
-0.0827121 -0.941493 -0.195833
-0.00422788 -0.875048 0.130084
-0.0192861 -0.943935 0.317908
0.19571 -0.993772 -0.800208
0.0263293 -0.911145 0.490682
-0.0507981 -0.960653 -0.177066
-0.0425109 -0.994074 -0.807864
0.120457 -0.917476 1.09201
0.220639 -0.985373 0.446552
-0.0499838 -0.947924 0.313523
-0.00527875 -0.837718 -0.162417
0.178331 -0.940761 -1.03684
0.0195157 -0.892084 1.07023
-0.101616 -1.00085 -0.87212
-0.0802263 -0.805992 -0.140621
0.105638 -0.809257 0.97863
-0.0500254 -0.899444 -0.104373
0.170314 -0.861854 0.930246
-0.0903506 -0.988456 -0.719941
0.0114863 -0.987038 -0.822613
0.212121 -0.834757 1.04673
0.000355222 -0.992934 -0.846931
0.114188 -0.714293 -0.978365
0.189201 -0.984896 -0.81307
-0.000688707 -0.862913 -0.148176
-0.0074032 -0.93798 0.186812
-0.235813 -0.771796 0.000422285
0.177188 -0.968649 0.853227
0.087945 -0.850298 0.941727
0.0470947 -0.825981 0.450465
0.189153 -0.939703 0.381724
-0.04702 -0.714772 0.885236
0.153397 -0.951602 1.05727
0.341216 -0.917161 -0.968336
-0.0681168 -0.902078 0.137367
-0.218314 -0.868251 -0.209115
0.212962 -0.952436 0.507561
0.167457 -0.945629 1.09627
0.222792 -0.835233 0.979695
0.0894466 -0.952421 0.94939
-0.0425543 -0.844898 -0.113897
-0.0612427 -0.978563 -0.590098
0.270894 -0.94218 1.02769
-0.0574406 -0.948168 -0.217451
0.0708641 -0.938691 0.542808
0.0357643 -0.864869 0.230969
0.208618 -0.837625 1.01068
-0.115007 -0.939867 -0.731388
0.218261 -0.953383 0.506162
0.0528065 -0.992442 -0.79181
0.0101613 -0.978794 -0.565911
-0.104788 -0.994052 0.302989
0.242103 -0.969871 -0.997687
-0.151911 -0.98398 0.321787
-0.116274 -0.930278 -0.125876
0.236825 -0.950463 1.038
0.00896904 -0.7918 -0.189105
-0.0381947 -0.820192 -0.160633
-0.00674041 -0.758714 -0.338277
-0.107567 -0.732595 -0.134822
0.0171194 -0.878118 0.803236
-0.27178 -0.91679 0.134527
0.0458601 -0.824363 0.8389
-0.0174476 -0.722242 -0.399886
0.0150663 -0.909992 1.07378
0.101771 -0.966459 -0.765186
0.129023 -0.967531 -0.941409
0.128165 -0.938183 1.0914
0.0487855 -0.795112 -0.287126
0.120714 -0.955597 -0.677367
-0.00678131 -0.942128 -1.01976
0.159587 -0.982096 -0.78682
-0.0720765 -0.688257 -0.744058
-0.0878658 -0.992164 -0.709493
0.0458776 -0.860168 -1.0839
0.112953 -0.814999 1.02401
0.207775 -0.947624 0.433984
-0.222478 -0.749652 0.00535026
-0.10791 -0.917854 -0.145227
-0.0335392 -0.977811 0.354193
0.0401463 -0.93818 0.487158
0.346003 -0.935469 -0.883827
0.281681 -0.952378 1.03069
0.0531324 -0.901311 0.851061
-0.0664571 -0.943468 -0.119623
0.129821 -0.99905 -0.838973
0.190699 -0.827807 1.03302
-0.0986875 -0.95039 -0.146888
-0.0513786 -0.704394 0.861599
0.195518 -0.792505 1.01747
-0.0349407 -0.774023 -0.148881
-0.110663 -0.71208 -0.157603
0.197434 -0.937762 0.484285
0.200478 -0.955187 0.41942
0.01155 -0.908112 -0.979635
0.0486361 -0.999239 -0.807048
-0.0935493 -0.991173 -0.688596
0.123518 -0.952071 0.694259
0.112668 -0.92593 1.1426
-0.156807 -0.701162 -0.128316
-0.0902289 -0.973708 0.330737
0.117567 -0.941437 -0.859093
-0.00647193 -0.964498 0.343414
0.342595 -0.968557 -0.875963
-0.0987701 -0.938993 0.381211
-0.094148 -0.98909 -0.695928
0.0347499 -0.97836 -0.721291
-0.0204607 -0.828906 -0.131148
0.35396 -0.999051 -0.853846
0.0607115 -0.884305 0.996022
0.17816 -0.968307 0.970708
0.0924077 -0.926388 -0.641796
0.0777802 -0.987058 -0.401671
0.0952373 -0.864367 0.855576
0.00576664 -0.778848 -0.172238
0.165453 -0.838668 1.01257
-0.0226389 -0.847034 -0.108279
0.291672 -0.942739 1.02809
-0.211028 -0.859662 -0.251797
0.101782 -0.981007 -0.71582
-0.0502349 -0.810035 -0.141423
0.086518 -0.994771 -0.812466
-0.0377232 -0.700012 0.879056
0.27758 -0.952221 1.07093
-0.115322 -0.72276 -0.138867
-0.113862 -0.939895 -0.148631
0.0617654 -0.995669 -0.445549
-0.207814 -0.782326 0.0645894
-0.0630409 -0.626752 0.847159
0.214541 -0.949596 0.512477
-0.00953325 -0.809765 -0.162436
0.0982756 -0.990471 -0.841462
0.167729 -0.848546 1.0998
0.255399 -0.926894 -0.866307
0.108039 -0.932843 1.13252
-0.215369 -0.771788 -0.00587903
-0.00482212 -0.999175 -0.853418
0.0886098 -0.797414 0.486978
-0.179163 -0.825987 0.227493
0.10471 -0.999288 -0.821049
-0.0170818 -0.9588 0.331848
-0.0573745 -0.978372 0.337639
0.0423692 -0.997969 -0.828413
0.0777736 -0.881562 0.903165
0.0442841 -0.888454 0.195596
-0.063493 -0.999518 0.558933
0.130236 -0.990303 -0.813532
-0.185531 -0.981475 -1.05893
-0.0148629 -0.808597 -0.193388
0.126926 -0.889612 0.882919
-0.274942 -0.928996 0.104805
-0.185423 -0.842853 0.190447
-0.244728 -0.937748 0.280764
-0.101982 -0.940486 -0.255132
0.253357 -0.994594 0.818033
-0.014117 -0.860926 -0.112078
-0.0840619 -0.98358 0.320414
0.0441557 -0.997103 -0.824026
0.143732 -0.947572 1.13091
-0.065841 -0.628017 0.823523
-0.230648 -0.77226 0.0885941
-0.0767112 -0.976518 0.363274
-0.00140157 -0.852546 -0.127288
-0.112915 -0.721027 -0.152975
0.191386 -0.820408 1.00123
-0.285638 -0.983357 0.205825
-0.0180602 -0.952814 0.310765
0.100607 -0.998343 -0.818277
0.0357345 -0.992687 -0.841293
0.0197119 -0.996771 -0.840132
0.311116 -0.980568 -0.918669
-0.072109 -0.974212 0.326439
-0.206672 -0.921048 0.154265
-0.0462055 -0.85666 0.183129
-0.122296 -0.896053 0.244015
-0.131826 -0.953919 1.1148
-0.217741 -0.866814 -0.229856
0.214818 -0.937165 0.488266
-0.0287357 -0.954397 0.319604
0.256399 -0.907001 0.954831
-0.111755 -0.970875 0.347228
0.0868076 -0.933893 0.504497
-0.0356925 -0.988019 -0.493782
-0.0189382 -0.958129 0.334177
0.172214 -0.990019 -0.778641
0.0116395 -0.733659 -0.321369
0.0250917 -0.942329 0.90011
0.111442 -0.79271 0.532903
-0.0538868 -0.975544 0.33794
0.272695 -0.911392 1.10244
0.393118 -0.965339 -0.874576
0.0554773 -0.905247 -1.03306
-0.201539 -0.790573 0.0983251
-0.226453 -0.847568 0.221745
-0.13972 -0.631758 0.51307
-0.122341 -0.995487 -0.827425
0.0696256 -0.897205 0.329745
-0.0638156 -0.956958 -1.11937
0.240015 -0.980029 -0.786988
-0.230111 -0.927285 0.200832
0.0521488 -0.745176 -0.261475
-0.0753668 -0.602697 0.848029
-0.077182 -0.967338 -1.13859
0.30415 -0.916697 -0.868542
-0.169376 -0.863805 -0.131194
-0.0789637 -0.945867 -0.16214
0.201928 -0.840012 0.526413
0.209688 -0.842999 1.08762
0.0886285 -0.966673 -0.830196
0.238285 -0.940741 0.876388
-0.0266413 -0.922236 -0.142915
-0.0173771 -0.961587 -0.614678
0.173375 -0.968551 1.06369
0.169717 -0.950553 -0.885202
0.1633 -0.97693 0.511074
0.107966 -0.911713 0.989425
-0.143034 -0.944892 1.14791
0.164567 -0.866784 0.976945
-0.0975327 -0.698328 -0.753579
0.256336 -0.867364 0.976457
-0.237232 -0.658442 0.380962
-0.00957923 -0.95246 -1.05747
-0.0221107 -0.853928 -0.131636
0.174368 -0.956021 -0.548118
-0.13883 -0.95626 0.367666
0.23869 -0.923633 -0.707703
0.128491 -0.826953 0.926189
0.0323194 -0.909583 -0.215996
-0.117497 -0.921026 -0.171169
0.288247 -0.834497 0.954129
0.0680627 -0.78792 -0.18633
-0.187657 -0.815481 -0.231372
-0.169149 -0.981418 0.364011
0.126892 -0.980043 -0.44492
0.0834024 -0.812901 0.419967
0.0198697 -0.914903 0.171583
0.205064 -0.993157 -1.02187
-0.0706219 -0.967661 -0.537196
0.17785 -0.977274 -0.9158
-0.132763 -0.709597 -0.145812
0.149359 -0.969627 1.01984
-0.209256 -0.84025 0.166683
-0.207104 -0.822869 0.00161933
0.205894 -0.919443 1.0054
-0.219913 -0.861932 0.17249
-0.0400362 -0.667293 0.816515
-0.206437 -0.941735 0.113448
0.262479 -0.919477 1.03814
0.102152 -0.955349 0.1246
-0.317086 -0.96712 -0.914166
0.0111228 -0.942646 -0.198561
-0.0747684 -0.972679 -1.06909
-0.0134086 -0.984854 -0.619962
-0.330283 -0.994204 -0.91463
0.0876291 -0.9771 0.427419
0.125307 -0.976293 -0.874638
0.24246 -0.945804 0.543137
0.0890833 -0.986725 -0.794286
0.217062 -0.963507 -1.03344
0.239884 -0.835403 0.928804
0.0853007 -0.848894 0.894179
0.0649262 -0.969278 -0.968129
-0.160894 -0.738427 -0.142817
0.00454717 -0.936412 0.39754
-0.210906 -0.986108 0.195899
0.328809 -0.896242 -0.895971
0.232535 -0.983352 -0.915857
0.13924 -0.835978 0.971155
-0.0735932 -0.95293 -0.641836
-0.139534 -0.724854 -0.118907
-0.0643152 -0.989152 -0.873232
0.126334 -0.863412 0.941777
0.112912 -0.981844 -0.982361
-0.0403166 -0.936175 -1.10215
-0.240518 -0.858241 0.145287
-0.119085 -0.905693 0.195629
0.269196 -0.970075 0.479265
-0.232567 -0.929521 0.126785
-0.00255962 -0.922954 0.345776
0.0150594 -0.872712 0.950334
0.0517877 -0.92549 0.435206
0.132687 -0.971136 0.573557
-0.196419 -0.836897 0.138443
-0.0285148 -0.756155 -0.238437
-0.0934815 -0.822553 0.163178
-0.14299 -0.897317 -0.174083
0.231875 -0.85738 1.02271
-0.0966348 -0.906442 -0.117415
0.047954 -0.869115 0.954463
-0.0201648 -0.949116 -0.180129
-0.183882 -0.970317 0.223875
0.22277 -0.856736 0.484346
-0.195837 -0.938278 0.135795
0.216222 -0.98627 -1.00904
0.254183 -0.956452 -0.955979
0.0161433 -0.955264 -1.10787
-0.221074 -0.829837 0.134779
0.111361 -0.981235 -0.536221
-0.0173131 -0.945587 -0.101175
-0.065151 -0.972474 -0.640741
0.223756 -0.90844 1.06084
-0.182789 -0.989474 0.204166
-0.0790402 -0.970571 0.403159
-0.0551549 -0.825356 -0.11129
-0.31173 -0.978744 0.2489
0.190368 -0.972835 -0.849487
0.0193945 -0.966804 -1.0074
-0.0279392 -0.982374 -0.812611
0.159034 -0.995844 -0.916527
0.0210831 -0.910783 -0.114557
0.214933 -0.966288 1.00082
0.0673478 -0.970521 -1.01536
0.0191374 -0.943178 -0.972913
0.190247 -0.959776 -0.730648
-0.0280727 -0.90419 0.208534
0.0760661 -0.649682 -1.01899
-0.12268 -0.703128 -0.15427
-0.0563736 -0.990889 -0.362893
0.0403246 -0.966331 -1.08863
-0.177401 -0.850369 0.144416
0.0989063 -0.997169 -0.511288
0.138406 -0.979095 -0.810296
0.226561 -0.965843 0.51042
0.0308928 -0.912378 0.236
0.22427 -0.944939 0.469957
0.115656 -0.997294 -0.808437
-0.076171 -0.792225 -0.108733
0.198323 -0.992856 -0.834713
-0.0188 -0.992801 0.492229
-0.127065 -0.719424 -0.144979
0.187826 -0.974164 -0.659927
0.192698 -0.975484 -0.678558
