-0.205293 -0.887356 -0.809202
-0.284226 -0.998434 0.462658
-0.181585 -0.835051 -0.884327
-0.333614 -0.945886 0.416038
-0.284619 -0.976267 0.528629
-0.324382 -0.927632 0.47129
-0.19019 -0.787543 -0.739216
-0.285354 -0.951949 0.58784
-0.159883 -0.766877 -0.816144
-0.323597 -0.901053 0.529808
-0.172941 -0.915968 -0.899846
-0.289148 -0.972512 0.335229
-0.185459 -0.891327 -1.01691
-0.3498 -0.908997 0.216373
-0.292146 -0.952338 -0.99115
-0.412796 -0.920266 0.172691
-0.222842 -0.944105 -1.02997
-0.373833 -0.891826 0.135789
-0.224663 -0.936638 -1.01183
-0.37009 -0.899881 0.161086
-0.293823 -0.969834 -1.00049
-0.418542 -0.925766 0.152202
-0.188889 -0.918113 -0.641178
-0.101515 -0.998548 0.594369
-0.230233 -0.956668 -1.04276
-0.371358 -0.902828 0.116138
-0.17371 -0.920584 -0.727648
-0.182384 -0.998236 0.514341
-0.324411 -0.858433 0.467826
-0.204407 -0.935903 -0.518583
0.0616026 -0.999118 0.647723
-0.20137 -0.981159 0.588526
-0.227686 -0.998611 0.377502
-0.188089 -0.913926 -0.545664
0.00476544 -0.998449 0.65827
-0.155712 -0.988685 0.624889
-0.172162 -0.813298 -0.672087
-0.218537 -0.960625 0.632371
-0.123819 -0.89413 -0.971458
-0.305764 -0.911023 0.291695
-0.351173 -0.959628 -0.943128
-0.47524 -0.946168 0.210334
-0.0992592 -0.784653 -0.958941
-0.330263 -0.824923 0.388449
-0.173183 -0.935729 -1.06386
-0.330639 -0.8946 0.120422
-0.153878 -0.745999 -0.720335
-0.272227 -0.901779 0.619276
-0.264115 -0.922684 -0.960005
-0.37584 -0.915949 0.219839
-0.136373 -0.73828 -0.765744
-0.29093 -0.87366 0.588211
-0.357384 -0.981778 -0.943144
-0.486913 -0.959557 0.194119
-0.184758 -0.815957 -0.568119
-0.124736 -0.991026 0.715776
-0.159124 -0.9186 -1.05372
-0.313191 -0.899629 0.150605
-0.15597 -0.953187 -0.669285
-0.311826 -0.87779 0.334433
-0.173689 -0.908492 -0.579396
-0.0372241 -0.998249 0.640472
-0.175348 -0.939487 -0.573232
-0.180938 -0.906893 -0.478257
-0.114693 -0.73948 -0.837743
-0.312262 -0.827756 0.519041
-0.169553 -0.945034 -1.09181
-0.320757 -0.896534 0.0934865
-0.151677 -0.755892 -0.690488
-0.243389 -0.910938 0.639938
-0.179936 -0.88915 -0.490214
-0.184327 -0.936539 -0.972359
-0.299414 -0.949607 0.216787
-0.333981 -0.996927 -0.334333
-0.113656 -0.998015 1.10045
-0.0975504 -0.913312 -1.02857
-0.379854 -0.998063 -0.310076
-0.153111 -0.993417 1.1221
-0.143172 -0.960693 -0.892309
-0.244973 -0.988792 0.287355
-0.0768553 -0.826837 -0.993741
-0.183417 -0.92333 -0.27171
0.0842833 -0.998379 0.979689
-0.173054 -0.865604 -0.502055
-0.280547 -0.942347 -0.322865
-0.0662306 -0.985715 1.07233
-0.11167 -0.920934 -1.09573
-0.281275 -0.864678 0.113483
-0.156598 -0.910851 -0.416351
0.124109 -0.998759 0.745463
-0.143382 -0.950279 -0.484629
0.114782 -0.998509 0.615847
-0.125019 -0.982243 -0.766702
-0.148213 -0.998257 0.421289
-0.153381 -0.953512 -0.530235
-0.305541 -0.805051 0.464462
-0.148149 -0.916527 -0.382355
0.120113 -0.998681 0.790693
-0.171715 -0.862514 -0.520044
-0.144918 -0.961977 -0.573213
0.0431838 -0.99814 0.561611
-0.164312 -0.901772 -0.325191
0.0972897 -0.998361 0.902158
-0.11671 -0.982327 -0.689548
-0.077526 -0.998447 0.485375
-0.133666 -0.979678 -0.582243
0.0388294 -0.998431 0.52346
-0.135015 -0.959742 -0.625689
-0.0225543 -0.996896 0.555308
-0.17393 -0.862072 -0.426828
0.0543503 -0.987583 0.770625
-0.243711 -0.888257 -0.31571
-0.0300581 -0.969684 1.05047
-0.203971 -0.960915 -0.292256
-0.0275171 -0.955675 0.276669
-0.115806 -0.923556 -1.11697
-0.125585 -0.998336 -0.573972
0.0253307 -0.998351 0.471415
0.09804 -0.999017 0.499337
-0.1425 -0.977276 -0.507426
-0.0846796 -0.96767 1.0767
-0.171876 -0.919402 -0.335413
0.0100772 -0.998248 0.303609
-0.051278 -0.818622 -1.04375
-0.186329 -0.824798 -0.346214
0.0248271 -0.981733 0.899882
0.135464 -0.998284 1.01176
-0.15089 -0.998204 -0.495206
-0.16307 -0.959179 -0.39632
0.0470501 -0.998373 0.374409
-0.118834 -0.928878 -1.13819
-0.278224 -0.866657 0.0688973
-0.337574 -0.978599 -0.282331
-0.120554 -0.948313 1.10288
-0.0591898 -0.87606 -1.02729
-0.280175 -0.850367 0.255769
0.0423031 -0.990247 0.429771
-0.123747 -0.939146 -0.43395
0.141856 -0.998433 0.668304
-0.311387 -0.955133 -0.292456
-0.0957985 -0.953797 1.08311
-0.114585 -0.982799 -0.615576
0.00373217 -0.997897 0.523757
-0.206088 -0.836398 -0.304612
0.0138353 -0.967085 0.952974
-0.0794546 -0.918539 -1.12913
-0.254086 -0.84502 0.0876405
-0.106563 -0.980136 -0.655915
-0.0321729 -0.998079 0.527681
-0.128999 -0.95861 -0.524294
0.103652 -0.996432 0.57428
-0.294822 -0.968848 -0.184378
-0.0922935 -0.844123 1.14404
0.0393484 -0.731051 -0.766144
0.11318 -0.989472 1.02718
-0.347472 -0.998025 -0.211461
-0.150952 -0.885677 1.13359
-0.254853 -0.914389 -0.181352
-0.0404592 -0.861901 1.13588
-0.157866 -0.980203 -0.405973
-0.0599836 -0.908964 -1.05484
-0.26376 -0.871334 0.194398
0.133843 -0.998165 0.952639
-0.171563 -0.813035 -0.418572
0.0192616 -0.763421 0.247385
-0.121843 -0.966952 -0.616176
-0.00561025 -0.993763 0.545862
-0.147462 -0.771896 -0.599776
-0.205956 -0.94647 -0.260345
-0.0187074 -0.959202 0.240374
-0.211157 -0.864959 -0.280897
-0.115687 -0.705687 -0.702849
-0.260963 -0.852487 0.652226
-0.16594 -0.910081 -0.230997
0.0771532 -0.970154 1.0278
-0.0861499 -0.928245 -1.15743
-0.252513 -0.848963 0.0567863
-0.276216 -0.918576 -0.289049
-0.0661078 -0.935986 1.06816
-0.173653 -0.99175 -0.354553
0.0280378 -0.95817 0.343805
-0.0964308 -0.997631 -0.220276
0.166749 -0.998354 1.03739
-0.152781 -0.817714 -0.470151
-0.0112266 -0.973379 0.774314
-0.0883014 -0.939299 -1.07058
-0.259419 -0.886871 0.132089
-0.102128 -0.932858 1.08707
-0.0640732 -0.694105 -0.863276
-0.295428 -0.754212 0.511277
-0.324546 -0.956889 0.243353
-0.0778306 -0.701029 -0.790918
-0.271995 -0.810019 0.598506
-0.132368 -0.960569 1.07622
-0.134715 -0.991441 -0.876967
-0.228111 -0.998593 0.258727
0.16742 -0.998264 0.973585
-0.110472 -0.903723 1.09833
-0.266281 -0.910554 -0.162133
-0.0324814 -0.840065 1.13695
-0.201143 -0.875169 -0.254245
0.0103525 -0.935565 1.05475
-0.132311 -0.958312 -0.420625
-0.244976 -0.875528 -0.273745
-0.0353042 -0.927502 1.05979
-0.0712071 -0.941179 -1.08065
-0.247089 -0.87914 0.129986
0.0547541 -0.998266 0.333756
-0.115069 -0.96747 1.06211
-0.336171 -0.961057 -0.891181
-0.459117 -0.979753 0.248481
-0.344894 -0.951619 0.131096
-0.110502 -0.969597 -0.467394
0.126895 -0.998176 0.519057
-0.233061 -0.992898 -0.984761
-0.232708 -0.893808 -0.195802
-0.000567642 -0.893582 1.1
0.0160497 -0.978837 0.271688
-0.100099 -0.93622 -0.293272
0.168878 -0.998553 0.905822
-0.14396 -0.931444 -0.219706
0.100729 -0.971552 1.03715
-0.113935 -0.720043 -0.637636
-0.217118 -0.870313 0.696682
-0.117364 -0.960408 -0.438807
0.159487 -0.998539 0.559245
-0.17676 -0.86814 -0.242569
0.0431832 -0.95082 1.02079
-0.344317 -0.986426 -0.888539
-0.469083 -0.997997 0.233905
0.00379695 -0.916505 1.05988
-0.273959 -0.918187 -0.204983
-0.058278 -0.859358 1.11045
-0.110519 -0.966889 -0.196163
0.133806 -0.977898 1.06122
-0.298847 -0.921627 -0.267389
-0.0829634 -0.915653 1.06929
-0.119696 -0.989634 0.382829
-0.0775081 -0.992364 -0.665455
-0.028977 -0.988982 0.485698
-0.278155 -0.889955 -0.299498
-0.0624378 -0.946068 1.03717
-0.287512 -0.914481 -0.23076
-0.0726892 -0.875884 1.09226
-0.206231 -0.878465 -0.215539
0.0250487 -0.916995 1.06683
-0.017788 -0.780266 -1.08442
-0.296789 -0.735982 0.287761
-0.0327859 -0.709695 -0.919424
-0.0122534 -0.924477 -1.10902
-0.249071 -0.820826 0.14588
-0.126399 -0.965833 -1.09288
-0.224714 -0.867033 -0.21129
0.00141229 -0.895483 1.07513
-0.0799851 -0.990045 -0.678229
-0.0151666 -0.977973 0.462484
0.0531075 -0.943877 0.832036
-0.183147 -0.954107 -0.224864
0.0145299 -0.968755 0.209882
-0.26321 -0.93433 -0.899205
-0.381795 -0.952079 0.265428
-0.0984292 -0.998516 -0.533612
-0.0808568 -0.989494 -0.788705
-0.235123 -0.857918 -0.234818
-0.00612682 -0.898126 1.05865
-0.0881713 -0.958172 -0.393666
0.172378 -0.998642 0.473681
-0.157741 -0.904325 -0.205506
0.0747158 -0.944407 1.04988
-0.19084 -0.883833 -0.197318
0.0477329 -0.920196 1.07402
-0.0711616 -0.993046 -0.707292
-0.0496741 -0.994486 0.43877
-0.229948 -0.869408 -0.170446
0.00870201 -0.866587 1.10554
-0.25736 -0.875805 -0.22045
-0.0343382 -0.86863 1.08465
-0.28463 -0.895028 -0.257561
-0.0625901 -0.898943 1.05772
-0.129155 -0.73952 -0.524844
-0.110147 -0.915538 0.768337
-0.166948 -0.926148 -0.15879
0.0753043 -0.92938 1.1019
0.0318308 -0.986179 0.247106
-0.000802702 -0.852698 -1.11844
-0.272091 -0.778759 0.211408
-0.057901 -0.98727 -0.229555
0.198072 -0.998193 1.00062
-0.140408 -0.922103 -0.192848
0.0972121 -0.949205 1.06105
-0.258554 -0.864605 -0.249515
-0.0318028 -0.890351 1.05928
-0.116643 -0.998753 -0.415123
0.0798242 -0.970884 0.397643
-0.150343 -0.93088 -0.164481
0.0920455 -0.93525 1.09148
-0.119955 -0.94424 -0.193789
0.124051 -0.95958 1.06447
-0.138801 -0.78187 -0.41311
-0.0624633 -0.962285 -0.331829
0.202945 -0.998463 0.791523
-0.063979 -0.947083 -0.380639
0.194973 -0.99854 0.71256
-0.126523 -0.94985 -0.163958
0.11688 -0.947129 1.09395
-0.109399 -0.935632 -0.322129
0.0593889 -0.998558 0.285137
-0.247292 -0.899435 0.0649522
-0.118903 -0.94375 -0.180528
0.122334 -0.953144 1.07263
-0.028328 -0.945056 -1.14612
-0.199271 -0.842167 0.0744262
-0.214284 -0.81854 -0.251469
0.00247567 -0.90416 1.00866
0.0960177 -0.925856 1.1139
-0.102303 -0.958264 -0.362977
0.100614 -0.998251 0.352726
-0.157778 -0.941571 -0.131184
0.0890929 -0.913081 1.1296
-0.0646849 -0.99687 -0.162451
0.179934 -0.983991 1.09553
-0.0432705 -0.952858 -1.17014
-0.206246 -0.850035 0.0454059
-0.13677 -0.941943 -0.151547
0.108283 -0.932585 1.10677
-0.0144631 -0.722254 -0.981798
-0.271389 -0.702616 0.397996
-0.139846 -0.928716 -0.167405
0.100283 -0.934247 1.08718
-0.134525 -0.922072 -0.185033
0.103609 -0.943274 1.06723
-0.0714812 -0.989542 -0.73255
-0.0727737 -0.989689 0.417346
-0.24701 -0.833523 -0.278285
-0.0272432 -0.923067 1.01194
-0.120968 -0.959864 -0.134406
0.122701 -0.931781 1.12539
-0.351864 -0.93683 -0.259638
-0.129717 -0.907955 1.06217
-0.0971152 -0.963624 -0.165658
0.146291 -0.95555 1.09123
-0.00304208 -0.736205 -1.03767
-0.27279 -0.699965 0.343211
0.0107069 -0.806426 -1.10998
-0.121354 -0.952 -0.143728
0.122376 -0.93233 1.11378
-0.00596109 -0.693945 -1.03085
-0.278546 -0.6592 0.37076
-0.0216132 -0.959899 -1.09248
-0.204707 -0.868697 0.120351
-0.106328 -0.950779 -0.168011
0.137441 -0.949029 1.08807
-0.0785262 -0.976526 -0.156711
0.168353 -0.964309 1.09782
-0.180852 -0.824988 -0.254703
0.0308842 -0.921528 0.999965
-0.0371808 -0.998112 -0.139521
0.199371 -0.98263 1.11923
-0.344502 -0.927014 -0.223617
-0.122366 -0.870335 1.07521
-0.0504064 -0.998013 -0.598613
0.0449257 -0.969846 0.482697
-0.117232 -0.751249 -0.465205
-0.0494392 -0.923708 0.802768
-0.0987898 -0.963324 -0.141132
0.143935 -0.943485 1.11148
-0.104 -0.954108 -0.151288
0.139369 -0.941049 1.10135
-0.335746 -0.909484 -0.291439
-0.111632 -0.931797 1.03193
-0.0992047 -0.998067 -0.909147
-0.209999 -0.993545 0.230935
-0.185426 -0.879751 -0.16366
0.0549142 -0.887171 1.08778
-0.0446576 -0.965663 -0.423872
-0.317713 -0.88568 -0.293852
-0.0924598 -0.927755 1.01704
-0.121349 -0.954473 -0.112697
0.125844 -0.915483 1.14253
-0.0356913 -0.99287 -0.194622
0.211697 -0.989644 1.04819
0.139953 -0.927562 1.13537
-0.0837818 -0.972333 -0.128631
0.156273 -0.942346 1.12601
-0.311698 -0.897027 -0.198374
-0.086432 -0.835795 1.07628
0.102668 -0.898092 1.13646
-0.0545396 -0.678543 -0.697783
-0.227804 -0.788802 0.662901
-0.130999 -0.998492 -0.326816
0.0840214 -0.941339 0.327226
-0.0011952 -0.695144 -0.977535
-0.241354 -0.841524 0.321085
-0.233736 -0.747391 0.591212
0.029925 -0.919594 -1.12869
-0.224063 -0.793431 0.14014
-0.0173917 -0.998155 -0.110114
0.215451 -0.972377 1.14313
-0.284814 -0.841167 -0.289215
-0.0587662 -0.911013 0.9973
-0.0293153 -0.975442 -0.240588
0.22475 -0.99418 0.96223
-0.0503892 -0.998215 -0.843262
-0.138826 -0.998183 0.296534
-0.037209 -0.99373 -0.663134
-0.0485939 -0.991433 -0.101811
0.189188 -0.951547 1.14994
-0.00234004 -0.998299 -0.154152
0.229353 -0.991957 1.09502
0.0298331 -0.756747 -1.10653
-0.270894 -0.691453 0.268557
-0.0328895 -0.999169 -0.534315
0.129214 -0.94811 0.42819
0.00473684 -0.673036 -0.963582
-0.252592 -0.653069 0.435551
-0.0571679 -0.682516 -0.656796
0.0323199 -0.796025 -1.11847
-0.150141 -0.759378 -0.31276
0.0114395 -0.903638 0.927505
-0.137497 -0.980896 -0.228759
0.0765005 -0.971384 0.223259
-0.320464 -0.884327 -0.237079
-0.0908603 -0.867407 1.04416
0.114686 -0.875582 1.14552
-0.289073 -0.861775 -0.184374
-0.0481358 -0.825713 1.06935
-0.161268 -0.914524 -0.106258
0.0828978 -0.870553 1.13235
-0.116776 -0.947784 -0.0940684
0.129656 -0.895339 1.15279
0.0408433 -0.843181 -1.13185
-0.247181 -0.747574 0.201369
-0.094757 -0.955728 -0.0998629
0.148398 -0.909809 1.14675
-0.0195141 -0.679529 -0.78239
-0.0915804 -0.998576 -1.01385
-0.217543 -0.962097 0.142135
-0.0448608 -0.976492 -0.402781
0.00869385 -0.688991 -0.926086
-0.243562 -0.679516 0.458446
-0.0755346 -0.961179 -0.332656
0.11291 -0.983542 0.325066
-0.0387774 -0.998277 -0.859853
-0.242234 -0.96762 -0.874166
-0.351938 -0.988912 0.231906
-0.124698 -0.99868 -1.04745
-0.242027 -0.97139 0.107037
-0.00577734 -0.998415 -0.720789
-0.0197708 -0.988746 0.397179
-0.00963518 -0.97758 -1.13107
-0.170717 -0.866572 0.0837068
-0.0238309 -0.973435 -0.41037
0.19193 -0.994233 0.50805
-0.0159911 -0.993891 -0.781392
-0.0686341 -0.984183 0.365271
-0.0716797 -0.971894 -0.092214
0.164681 -0.911769 1.1566
-0.128152 -0.751975 -0.353903
0.0164396 -0.905628 0.889248
-0.144645 -0.842952 0.745935
-0.00569722 -0.982969 -0.202132
0.244955 -0.985662 1.01539
0.0125556 -0.670162 -0.866325
-0.225107 -0.684541 0.511118
-0.255592 -0.828682 -0.177175
-0.00605074 -0.822243 1.06659
-0.0357173 -0.989365 -1.15802
-0.18112 -0.879564 0.0447673
-0.255523 -0.993579 -0.878914
-0.369332 -0.998398 0.192472
-0.189874 -0.856633 -0.138121
0.0577074 -0.848427 1.09556
0.0232491 -0.65823 -1.02246
-0.256563 -0.614569 0.38934
-0.176544 -0.770612 -0.271654
0.0108601 -0.888039 0.967322
-0.00152803 -0.958535 -0.407766
0.201572 -0.99652 0.605568
0.0131448 -0.640889 -0.920604
-0.241339 -0.629512 0.482549
0.0103384 -0.981025 -1.07313
-0.172836 -0.88346 0.130652
-0.208077 -0.809661 0.687451
0.170202 -0.984924 0.425399
-0.218125 -0.784176 -0.265793
-0.020395 -0.880733 0.982717
0.00937484 -0.998556 -0.597354
0.0806875 -0.949879 0.457696
-0.148117 -0.98757 0.249076
-0.0547732 -0.998446 -0.378151
0.152044 -0.941492 0.378391
-0.160286 -0.998203 -0.90804
-0.290133 -0.998425 0.176566
0.00256018 -0.998202 -0.648002
0.0285165 -0.961274 0.434074
0.0352224 -0.685888 -1.03934
-0.246546 -0.631606 0.359675
-0.29693 -0.836597 -0.228057
-0.0580023 -0.848909 1.02269
-0.216092 -0.819506 -0.163004
0.0242464 -0.83261 1.05962
0.111377 -0.985384 0.255402
-0.022924 -0.998351 -0.881578
-0.10281 -0.942876 -0.0746361
0.143193 -0.878552 1.15903
-0.0218789 -0.997939 -1.08188
-0.178615 -0.907004 0.101894
-0.0502512 -0.97332 -0.35601
0.150244 -0.979854 0.362236
0.0237047 -0.99809 -0.121493
0.250885 -0.974401 1.11988
-0.0104323 -0.987742 -0.0822337
0.225842 -0.942929 1.15852
-0.200169 -0.998719 -0.915344
-0.319966 -0.998259 0.132087
0.0230224 -0.670592 -0.90058
-0.225435 -0.660059 0.483542
0.16954 -0.952865 0.417138
0.0313249 -0.633006 -0.987948
-0.243015 -0.596789 0.426433
0.00164877 -0.959974 -0.265418
0.245158 -0.987421 0.890094
0.0584291 -0.93175 -1.10973
-0.189013 -0.806408 0.145855
0.0169271 -0.975219 -0.233595
0.253551 -0.990158 0.946482
0.0115102 -0.998015 -0.807879
-0.0786958 -0.980969 0.334105
-0.0663793 -0.998294 -1.11799
-0.187528 -0.923466 0.0670413
0.0224044 -0.998377 -0.766341
-0.0157593 -0.976804 -0.379948
0.171489 -0.986729 0.40597
-0.0451102 -0.963485 -0.0716161
0.195276 -0.908115 1.16387
0.0656627 -0.89756 -1.11493
0.0235652 -0.995723 -0.805437
-0.0173652 -0.99724 -0.416126
-0.126956 -0.904939 -0.0770086
0.121805 -0.848555 1.14106
0.148895 -0.932133 0.447523
-0.16721 -0.959394 0.175993
-0.0377256 -0.982795 0.356073
0.0292878 -0.977735 -0.161188
0.256328 -0.973782 1.06754
-0.0694566 -0.975183 0.33502
0.0232695 -0.998238 -0.720313
0.0140101 -0.861285 0.985045
-0.0829614 -0.99819 -0.273345
0.119887 -0.947895 0.283311
0.0210648 -0.998202 -0.645715
0.0482688 -0.954804 0.423641
-0.241788 -0.791996 -0.209944
-0.0140818 -0.831243 1.01445
0.0467915 -0.659856 -1.01126
-0.0664353 -0.998396 -0.305128
0.124709 -0.933932 0.315459
0.0258849 -0.975301 -0.198157
0.260268 -0.980301 1.01452
0.0684142 -0.766932 -1.09696
-0.230453 -0.684726 0.264075
0.00502268 -0.982908 -0.450964
0.196484 -0.976274 0.486384
-0.0557641 -0.962302 -0.28083
0.146681 -0.997988 0.303142
0.0141532 -0.998085 -1.0119
-0.158845 -0.941015 0.151833
0.000549174 -0.847672 0.988647
0.0741423 -0.854314 -1.11462
-0.208586 -0.743719 0.200723
0.0572729 -0.740086 -1.03006
-0.216474 -0.675703 0.334631
0.0223727 -0.996497 -0.860116
-0.103911 -0.975178 0.281492
-2.23854e-05 -0.983554 -0.403147
0.188781 -0.973806 0.428005
-0.0521501 -0.987925 -0.314324
0.0583628 -0.967485 -1.06127
-0.150402 -0.864064 0.145935
0.062813 -0.682697 -1.03529
-0.221805 -0.617749 0.356689
0.0421285 -0.978549 -0.133431
0.266688 -0.962179 1.09277
0.0467152 -0.97467 -0.163781
0.270994 -0.973371 1.05293
0.0799659 -0.907949 -1.08205
-0.174271 -0.797593 0.17837
-0.0163876 -0.984981 -0.358585
0.169373 -0.959615 0.360657
0.0343516 -0.998099 -0.577305
0.141851 -0.924008 0.471991
0.0800935 -0.816855 -1.07967
0.0211983 -0.994676 -0.437471
0.0588638 -0.983196 -0.43208
0.225481 -0.979055 0.537292
-0.00296769 -0.956543 -0.0498104
0.235865 -0.896212 1.16765
0.039277 -0.976377 -0.0771728
0.270444 -0.930686 1.14603
-0.0417876 -0.935715 -0.0471944
0.204574 -0.868115 1.16611
0.0412312 -0.968998 -0.105477
0.268994 -0.939204 1.11816
-0.089234 -0.909332 -0.0485597
0.162363 -0.834581 1.15541
0.0499493 -0.959065 -0.161834
0.272347 -0.961515 1.03709
0.0408295 -0.952909 -0.188966
0.271347 -0.963275 1.00279
0.0381505 -0.948378 -0.258293
0.270026 -0.978616 0.873641
-0.139251 -0.860899 -0.0748038
0.109132 -0.805675 1.11465
-0.170165 -0.819677 -0.123423
0.0623384 -0.800731 1.05929
0.0537648 -0.968673 -0.136825
0.277724 -0.956792 1.07888
0.0484581 -0.970863 -0.303705
0.285685 -0.99159 0.780115
0.060609 -0.977355 -0.365212
-0.197069 -0.77118 -0.190919
0.256645 -0.986182 0.650405
0.0252634 -0.817828 0.999785
0.0414061 -0.949603 -0.216457
0.271374 -0.969828 0.9476
-0.16697 -0.721182 -0.253333
0.00541357 -0.835122 0.949382
-0.0979809 -0.727866 -0.320898
0.0297569 -0.849954 0.900193
-0.0765907 -0.72007 -0.366813
0.0256584 -0.854576 0.870581
0.0519472 -0.995315 -0.49883
0.191253 -0.94451 0.474323
0.0554881 -0.99819 -0.563026
0.159114 -0.925799 0.46123
-0.0414611 -0.70878 -0.430355
-0.0160164 -0.839983 0.831062
0.0528 -0.998401 -0.636361
0.0826572 -0.939179 0.416952
-0.0281547 -0.671762 -0.490109
-0.0737916 -0.801399 0.813523
0.0586098 -0.998524 -0.717023
0.0142289 -0.969781 0.36384
0.0575332 -0.998354 -0.766666
0.0696477 -0.998258 -0.826894
-0.0545725 -0.965804 0.304777
0.0736354 -0.998339 -0.94595
-0.103577 -0.945853 0.213592
0.00205178 -0.653862 -0.606916
-0.149714 -0.755343 0.729939
0.0860806 -0.998257 -1.0106
-0.121877 -0.916353 0.152329
0.0254479 -0.636975 -0.682491
-0.176556 -0.707889 0.674697
0.0906575 -0.957603 -1.04285
-0.133366 -0.861266 0.168024
0.0899263 -0.870661 -1.05943
-0.163881 -0.781553 0.218011
0.0500253 -0.64292 -0.831831
-0.190124 -0.652374 0.546673
-0.184102 -0.687605 0.615363
0.0272267 -0.811959 -0.661481
0.0601733 -0.653363 -0.887062
-0.187929 -0.631223 0.49169
0.0886519 -0.785105 -1.04416
-0.186568 -0.708932 0.283837
0.0590141 -0.617734 -0.903811
-0.194408 -0.592339 0.496326
0.0839017 -0.739392 -1.02584
-0.19191 -0.664871 0.330364
0.0825134 -0.678972 -1.03201
-0.204488 -0.605946 0.355574
0.0716771 -0.619064 -0.982938
-0.205444 -0.568295 0.42709
0.0635323 -0.992436 -0.435736
0.211292 -0.972074 0.455399
0.163895 -0.920782 0.45974
0.0580308 -0.958025 -0.121579
0.284077 -0.940473 1.09003
0.0639276 -0.954523 -0.156649
0.285777 -0.956328 1.04772
0.0613831 -0.986318 -0.370545
0.21964 -0.987308 0.43787
0.061486 -0.998014 -0.392287
0.0763559 -0.995611 -0.561585
0.0687144 -0.96794 -0.353655
0.242425 -0.993126 0.417641
0.106679 -0.820282 -1.07976
0.0806995 -0.984485 -0.462124
-0.137371 -0.816737 -0.099489
0.0133691 -0.956201 0.340457
0.076868 -0.945862 -0.311439
0.261068 -0.998342 0.405208
-0.0975884 -0.86593 -0.0631411
0.0631997 -0.93547 -0.1808
0.287039 -0.951682 0.994227
0.0627219 -0.975589 -0.320567
-0.00976413 -0.950071 0.32789
0.119841 -0.998048 -0.86554
-0.0395094 -0.952554 0.268345
0.0640282 -0.939761 -0.140015
0.286307 -0.938641 1.057
0.0387693 -0.720003 0.650863
0.0536955 -0.998161 -0.307629
0.208355 -0.987861 0.365251
0.105564 -0.681034 -1.02993
-0.182719 -0.599906 0.349461
-0.197473 -0.764142 -0.143358
0.017181 -0.793809 0.959949
0.0480675 -0.988345 -0.283502
0.222329 -0.99646 0.351204
-0.103337 -0.897524 0.131371
-0.0161599 -0.911152 -0.0505404
0.216292 -0.845427 1.14191
0.00919163 -0.87026 -0.828179
0.120251 -0.844312 -1.11255
-0.164297 -0.737939 0.182558
0.0920283 -0.995642 -0.63538
0.0957533 -0.923107 0.413889
0.0515019 -0.819678 0.910181
0.118268 -0.80743 -1.10138
0.158466 -0.989301 -1.00486
-0.090512 -0.929623 0.145183
0.167886 -0.992903 -0.953278
-0.0620233 -0.94833 0.16253
0.114085 -0.763746 -1.08866
-0.180574 -0.671887 0.246439
0.0872364 -0.969672 -0.379777
0.0673281 -0.931192 -0.210766
0.289546 -0.951638 0.939979
0.0637931 -0.922315 -0.243198
0.285225 -0.953367 0.877599
0.0354388 -0.931403 -0.0624278
0.272152 -0.882171 1.13485
0.127444 -0.884273 -1.10825
-0.147584 -0.768516 0.159178
0.069497 -0.942209 -0.0955439
0.297153 -0.917833 1.10126
0.122923 -0.997909 -0.803063
-0.00222155 -0.947695 0.321254
-0.0556582 -0.878289 -0.0496748
0.196386 -0.816142 1.12352
0.208156 -0.998634 -1.08215
-0.0921894 -0.928281 0.0458221
0.103107 -0.950561 -0.334385
0.276111 -0.976341 0.421174
-0.153747 -0.772699 -0.139048
0.0594012 -0.775731 1.0085
0.187445 -0.998156 -0.830901
0.00881965 -0.962866 0.222888
0.26262 -0.998796 -0.804871
0.0260852 -0.998185 0.0654437
-0.235113 -0.767222 -0.106064
-0.00882867 -0.780788 0.923549
0.135127 -0.922597 -1.10476
-0.124828 -0.806911 0.127617
0.107813 -0.998394 -0.38384
0.232385 -0.941134 0.427692
0.102135 -0.663022 -0.888999
-0.144806 -0.619656 0.470325
0.0869224 -0.93681 -0.326064
0.288155 -0.96102 0.726369
0.102564 -0.967471 -0.356035
0.112708 -0.626307 -0.977031
-0.162384 -0.562816 0.409768
0.111008 -0.995414 -0.634416
0.107824 -0.906313 0.420252
-0.173663 -0.723906 -0.19212
0.0446959 -0.807367 0.91034
0.183458 -0.993704 -0.86783
-0.00946254 -0.957443 0.220548
0.196862 -0.982296 -1.05908
-0.0805823 -0.910145 0.0837227
0.104545 -0.998264 -0.591362
0.269604 -0.983461 -0.823962
0.0260771 -0.99458 0.115846
0.281111 -0.959596 0.664792
-0.112615 -0.793857 -0.101868
0.128158 -0.776855 1.05861
0.0646443 -0.91626 -0.166426
0.291615 -0.927203 1.00091
-0.118737 -0.722198 -0.228541
0.0734651 -0.81188 0.92702
0.201669 -0.97537 -1.09785
0.130133 -0.679616 -1.02615
-0.159053 -0.594578 0.342164
0.138508 -0.79556 -1.10105
-0.160852 -0.791239 -0.112695
0.0308604 -0.759716 0.98818
0.167697 -0.971275 -1.0533
-0.0872929 -0.879292 0.110436
0.108058 -0.954535 -0.420214
0.163131 -0.791956 -0.788701
0.31077 -0.997272 -0.785974
0.0903941 -0.998132 0.043668
0.244301 -0.987238 -0.87051
-0.0561416 -0.936542 0.100031
0.114273 -0.940566 -0.376354
0.263169 -0.957102 0.600685
-0.0344351 -0.727293 -0.330337
0.0869844 -0.821499 0.860276
0.122136 -0.998299 -0.577017
0.102547 -0.952016 -0.388389
0.270008 -0.964496 0.507309
0.0451381 -0.687432 -0.552255
-0.0555782 -0.754063 0.727894
0.113968 -0.633366 -0.907926
-0.141279 -0.581847 0.46489
0.214103 -0.984506 -1.12479
-0.0941049 -0.87946 0.0248605
0.13966 -0.992087 -0.763529
0.0288033 -0.930937 0.345182
0.127094 -0.998409 -0.702872
0.0722792 -0.928704 0.367113
0.138418 -0.732604 -1.01823
-0.148851 -0.648943 0.316154
-0.0874041 -0.816111 -0.0721354
0.157283 -0.77923 1.07821
0.131372 -0.648196 -1.00667
-0.154044 -0.56932 0.368708
0.323465 -0.967425 -0.785233
0.0878712 -0.998336 0.0868796
0.244776 -0.999165 -0.937483
-0.0218819 -0.96851 0.059016
0.0564552 -0.948267 -0.22894
0.268108 -0.996722 0.302976
0.200607 -0.949353 -1.11241
-0.0901152 -0.86181 0.0638183
-0.202079 -0.790887 -0.0932151
-0.0110089 -0.748375 0.954266
-0.0449047 -0.85082 -0.0597442
0.202283 -0.804499 1.10005
-0.245664 -0.785118 -0.041946
-0.0365902 -0.74427 0.874369
0.229878 -0.985822 -0.956644
-0.0258017 -0.959071 0.118118
0.0789129 -0.913201 -0.10926
0.304735 -0.904496 1.06845
0.0259961 -0.891565 -0.0641363
0.262433 -0.851518 1.10963
-0.0711797 -0.720592 -0.278449
0.0907342 -0.810442 0.888461
0.056628 -0.908583 -0.0728191
0.292398 -0.876023 1.10545
0.136902 -0.998691 -0.503095
0.206208 -0.901855 0.435889
0.126168 -0.680788 -0.90888
-0.123428 -0.622878 0.435825
-0.230042 -0.725605 -0.0971626
0.020312 -0.783245 0.869357
0.0872003 -0.677307 -0.640476
-0.0997815 -0.712367 0.671478
0.159378 -0.833654 -1.1214
-0.13491 -0.719137 0.168203
-0.102516 -0.687165 0.646754
0.0770888 -0.89997 -0.199169
0.292207 -0.928958 0.936233
0.184639 -0.993813 -0.814995
0.0204075 -0.947546 0.277352
0.00357833 -0.856913 -0.0854129
0.244315 -0.837305 1.07795
0.136485 -0.665106 -0.946736
-0.124247 -0.595771 0.410226
-0.221713 -0.814483 -0.0431574
-0.0474897 -0.72477 0.911194
0.0657716 -0.882304 -0.144041
0.291588 -0.901254 1.01531
0.154972 -0.751864 -1.08931
-0.148465 -0.64808 0.236622
-0.225211 -0.873977 0.403566
0.310822 -0.95848 -0.836809
-0.0286363 -0.83722 -0.0709042
0.0772078 -0.988186 0.126763
0.215428 -0.803775 1.08101
0.169144 -0.91333 -1.11545
-0.102079 -0.790044 0.1145
-0.00764092 -0.833945 -0.105734
0.230842 -0.831082 1.05011
0.109778 -0.998285 -0.299448
0.231921 -0.93739 0.362668
-0.00291852 -0.84054 -0.0959861
0.235184 -0.829641 1.06144
-0.0879404 -0.768992 -0.12451
0.133394 -0.77124 1.01631
0.0576861 -0.886293 -0.090063
0.291816 -0.87136 1.07486
-0.25419 -0.751626 -0.0199092
-0.0170755 -0.742715 0.827879
-0.135558 -0.711434 -0.173466
0.0919537 -0.776512 0.926901
0.0191709 -0.847692 -0.111185
0.25473 -0.850506 1.04601
0.0352076 -0.73809 0.970589
-0.257141 -0.769027 0.0121223
-0.0309085 -0.707481 0.821274
-0.0025064 -0.827943 -0.11806
0.233087 -0.834257 1.03438
0.0981541 -0.982636 -0.253642
-0.228566 -0.817629 0.00821827
-0.0620134 -0.691719 0.869244
0.16102 -0.774548 1.04395
-0.0219465 -0.82242 -0.0948651
0.217177 -0.809824 1.05419
0.0583553 -0.734046 -0.43569
0.0608077 -0.794191 0.775449
0.238708 -0.970281 -0.866581
0.0251919 -0.953194 0.198049
0.122812 -0.882232 0.42457
0.184946 -0.940475 -1.09104
-0.0815092 -0.828789 0.104491
0.00816192 -0.833408 -0.115532
0.243854 -0.839636 1.0379
-0.0748098 -0.728246 -0.210993
0.133853 -0.792872 0.938963
-0.193774 -0.701769 -0.115652
0.0577283 -0.778517 0.889064
-0.019603 -0.826494 -0.0836093
0.222786 -0.808104 1.0647
0.170328 -0.877761 0.44282
-0.237104 -0.798037 0.0349506
-0.0527882 -0.678527 0.835695
-0.0310691 -0.797112 -0.124398
0.203555 -0.805814 1.02279
-0.0235525 -0.79456 -0.140987
0.206815 -0.815366 1.00651
-0.0289802 -0.807375 -0.10354
0.20861 -0.803691 1.03724
-0.0994662 -0.621666 0.471892
0.0477202 -0.858769 -0.108924
0.282258 -0.861952 1.04555
0.159645 -0.984807 -0.643163
0.365364 -0.970064 -0.767913
-0.0499907 -0.800515 -0.0788871
0.193536 -0.778457 1.05888
0.212699 -0.948922 -1.06356
-0.0599168 -0.862732 0.0938264
-0.0360407 -0.802209 -0.0977731
0.208623 -0.797197 1.04853
-0.0045353 -0.808319 -0.133067
0.230292 -0.826506 1.01596
-0.112124 -0.891169 -0.835363
0.0339779 -0.946472 0.224269
0.143861 -0.944476 -0.332025
0.296092 -0.956129 0.436278
0.160828 -0.991194 -0.585773
-0.0123963 -0.80933 -0.112702
0.225473 -0.814223 1.03197
0.167013 -0.683259 -1.00945
-0.118104 -0.591024 0.337036
-0.0588667 -0.721013 -0.246682
0.122905 -0.792449 0.910339
0.00374102 -0.808985 -0.139469
0.2357 -0.831399 1.00606
0.140133 -0.905585 -0.304239
0.329379 -0.991505 0.398643
0.170999 -0.728228 -1.01546
-0.113228 -0.631526 0.305805
-0.0339091 -0.788981 -0.119259
0.201193 -0.795924 1.02372
0.119739 -0.891884 -0.282714
0.303331 -0.92207 0.768988
0.231543 -0.939066 -1.09472
-0.0604999 -0.853443 0.0647547
0.134112 -0.909699 -0.33221
0.292475 -0.921127 0.689614
0.304137 -0.949182 -0.829055
0.0908126 -0.981302 0.149576
-0.02866 -0.91205 0.0342619
0.0824315 -0.864145 -0.171826
0.300691 -0.898035 0.960888
0.0778055 -0.883372 0.37116
-0.0185514 -0.786198 -0.146861
0.209352 -0.812615 0.996551
-0.186313 -0.73927 -0.0851313
0.0307116 -0.745582 0.906164
0.164952 -0.998407 -0.379587
-0.185662 -0.804663 -0.0603092
-0.015188 -0.714829 0.940955
0.251959 -0.974787 -1.12498
-0.0656142 -0.854091 0.00959136
-0.0465093 -0.779586 -0.109351
0.186866 -0.778685 1.02608
0.141933 -0.807063 0.848117
0.319688 -0.974826 0.34635
0.166516 -0.710903 -0.958768
-0.0979606 -0.62764 0.361684
0.242398 -0.948462 -1.11637
-0.0640499 -0.842065 0.0393665
0.30629 -0.997282 -0.974142
-0.0316222 -0.723234 -0.282395
0.131543 -0.795688 0.883291
-0.11755 -0.747976 -0.100411
0.0820265 -0.732558 0.985003
0.181624 -0.984969 -0.760501
0.0471947 -0.911445 0.337558
-0.0935693 -0.743087 -0.129595
0.124319 -0.812924 0.790008
0.185696 -0.979761 -0.729101
-0.160344 -0.720524 -0.115432
0.064608 -0.748302 0.929504
0.137879 -0.76147 0.989004
-0.171799 -0.757237 -0.0775183
0.0343554 -0.732918 0.932657
-0.0676013 -0.742595 -0.144294
-0.208017 -0.7573 -0.0422025
0.00399511 -0.729448 0.876409
-0.0261924 -0.762633 -0.163188
0.194754 -0.80119 0.980624
0.00498888 -0.795147 -0.145123
0.239451 -0.825166 0.995385
0.086526 -0.72235 -0.485708
0.0322178 -0.758722 0.740356
0.0790197 -0.94228 -0.201874
0.30165 -0.967334 0.293377
0.244256 -0.966447 -0.848177
0.0803411 -0.740358 0.951377
-0.0221637 -0.771244 -0.82208
0.369094 -0.926151 -0.788484
0.139521 -0.992365 0.127918
0.195595 -0.84609 -1.09949
-0.0913738 -0.728131 0.165319
0.0264216 -0.812388 -0.133644
0.257012 -0.835708 1.00546
-0.102726 -0.664179 0.582343
-0.0940888 -0.724021 -0.146685
0.128267 -0.756219 0.965164
-0.197756 -0.777271 -0.0340766
-0.00336591 -0.719905 0.902912
0.165848 -0.989368 -0.678595
0.116314 -0.874845 0.405635
-0.0742272 -0.765897 0.138047
-0.225168 -0.725049 -0.0415761
0.0213203 -0.73973 0.839434
-0.213711 -0.76428 -0.00395974
-0.00934508 -0.700798 0.853533
0.181329 -0.977584 -0.63052
0.144662 -0.853537 0.443955
-0.0519418 -0.733622 -0.168474
0.15587 -0.769947 0.956868
-0.0360267 -0.730151 -0.190516
0.172044 -0.784617 0.948215
0.20969 -0.913057 -1.08708
-0.0591225 -0.806055 0.110985
-0.0754773 -0.626875 0.413269
0.184191 -0.975925 -0.692259
0.104288 -0.870656 0.401167
0.0491903 -0.928627 0.294656
-0.00986976 -0.733291 -0.598218
0.0984849 -0.839404 -0.234046
0.28962 -0.885537 0.865717
0.187395 -0.935556 -0.408842
0.286921 -0.915929 0.57339
0.00455488 -0.708771 0.928054
0.398917 -0.99714 -0.74949
0.181786 -0.998004 0.0270419
0.254856 -0.943999 -1.07602
-0.0376096 -0.85807 0.0616542
0.0774108 -0.939855 0.0581893
0.196308 -0.772696 -1.05869
-0.0990269 -0.661268 0.231732
0.129003 -0.861119 0.433293
0.191961 -0.896788 0.88647
0.283603 -0.891132 0.722715
-0.181894 -0.719775 -0.0732792
0.0513776 -0.739443 0.892144
0.0998775 -0.743893 0.925085
0.406731 -0.969313 -0.747756
0.190246 -0.998149 0.0576991
-0.129482 -0.743154 -0.078379
0.0828305 -0.723501 0.954917
-0.141128 -0.803688 -0.0637589
0.024028 -0.696187 0.963731
-0.104147 -0.70459 -0.156488
0.125218 -0.751731 0.93556
-0.19944 -0.796849 0.0271638
-0.0335705 -0.666925 0.865232
0.243638 -0.92244 -1.05302
0.140369 -0.704378 -0.60389
-0.0213857 -0.692588 0.663708
0.109096 -0.831944 -0.272537
0.29646 -0.950894 -0.880389
0.0531232 -0.941576 0.180567
-0.0259863 -0.853283 0.100753
-0.219487 -0.769321 0.085749
-0.0200486 -0.626889 0.811982
0.26256 -0.938721 -1.03572
-0.018754 -0.87219 0.0909021
0.0796502 -0.824456 -0.146267
0.304612 -0.863105 0.979172
0.0618795 -0.944139 0.231084
0.0300499 -0.779217 -0.168297
0.258348 -0.826609 0.962973
-0.0167698 -0.664613 0.848714
0.11309 -0.897339 -0.971427
0.00779371 -0.752887 -0.181793
0.223034 -0.801402 0.950143
0.115075 -0.774997 -0.417916
0.147777 -0.797451 0.734214
0.16598 -0.998251 -0.293876
0.283929 -0.898312 0.371973
0.162727 -0.682507 -0.753939
-0.0486835 -0.645125 0.536206
-0.209553 -0.738066 -0.00820486
0.0138968 -0.710426 0.848006
0.274665 -0.876668 0.655338
0.259659 -0.869442 0.563359
0.112804 -0.960058 -0.207505
0.309658 -0.932334 0.31267
0.174515 -0.677224 -0.82928
-0.0536926 -0.617146 0.473186
0.27714 -0.94082 -1.01732
0.216617 -0.82175 -1.01486
-0.00739033 -0.880093 0.0914181
-0.057556 -0.734421 0.204231
0.202166 -0.741988 -0.938688
-0.126999 -0.912783 0.308487
-0.144352 -0.78816 -0.0529136
0.0323556 -0.693688 0.945267
-0.153436 -0.685544 -0.112706
0.0913419 -0.745711 0.894109
-0.166322 -0.83449 -0.0167011
-0.0327405 -0.671571 0.932786
0.0815849 -0.801518 -0.209473
-0.180667 -0.843066 0.0584785
-0.0644348 -0.617481 0.880915
0.197299 -0.943404 -0.574154
0.171075 -0.826155 0.504911
0.00253951 -0.710462 -0.254055
0.177005 -0.779829 0.886333
0.200487 -0.992483 -0.379056
0.297671 -0.965531 -1.09172
-0.0233389 -0.860246 0.010332
0.244694 -0.902898 -1.01526
-0.208396 -0.75259 0.0479992
0.000111173 -0.663366 0.833482
-0.157699 -0.786432 0.503574
0.160022 -0.684019 -0.655594
-0.0283669 -0.66203 0.619567
0.270572 -0.862103 0.457291
0.194272 -0.973828 -0.335625
0.310028 -0.904012 0.419827
0.0930146 -0.943288 0.154645
-0.200743 -0.774728 0.0629398
-0.0112547 -0.632732 0.836026
-0.00937465 -0.869144 0.0749471
0.200836 -0.947315 -0.601208
0.157719 -0.822392 0.486923
-0.0719479 -0.713455 0.446595
0.227736 -0.808979 0.864319
0.0501665 -0.73106 -0.293342
0.195343 -0.793849 0.841143
-0.174614 -0.923467 0.21962
0.270978 -0.861638 0.491858
0.163823 -0.936937 -0.270157
0.333252 -0.94426 0.393966
0.28472 -0.940149 -1.07591
-0.0190936 -0.847873 0.040971
-0.0205934 -0.79769 0.178386
0.225599 -0.8737 -1.01186
0.136112 -0.978275 -0.218398
0.305175 -0.915275 0.329301
0.221245 -0.968364 -0.463572
0.272165 -0.868576 0.527533
-0.257563 -0.853507 0.507742
-0.183649 -0.692631 -0.0602619
0.0796551 -0.734998 0.86672
0.213508 -0.993937 -0.536735
0.225897 -0.836616 0.472894
0.141178 -0.811459 -0.385277
0.224106 -0.821885 0.725371
-0.000324046 -0.878652 0.0224466
0.0850689 -0.776513 -0.257563
0.259742 -0.832359 0.855972
0.302101 -0.946585 -0.861628
0.0726413 -0.934549 0.191599
-0.000694764 -0.801629 -0.325987
0.401124 -0.951275 -0.796634
0.167909 -0.970833 0.0952058
0.203997 -0.932168 -0.584603
0.160856 -0.811165 0.506813
0.155252 -0.747829 -0.549878
0.373874 -0.991886 -0.893196
0.212735 -0.957438 -0.646061
0.136076 -0.835281 0.438771
-0.0503574 -0.67632 0.264426
0.211508 -0.9328 -0.524178
0.218156 -0.831404 0.537426
0.151293 -0.837814 -0.321539
0.271749 -0.854031 0.751988
0.0525438 -0.718167 0.843858
0.267179 -0.858297 0.601249
0.16545 -0.851883 -0.354735
0.269651 -0.855184 0.710987
-0.0520224 -0.928153 0.713933
0.31314 -0.951842 -1.03399
0.00734009 -0.872961 0.0475262
0.300535 -0.940926 -1.03881
0.00594262 -0.865006 0.0641994
0.0563987 -0.753522 -0.201954
0.260571 -0.808737 0.914958
-0.188204 -0.854205 -0.741143
0.220732 -0.957797 -0.725809
0.0927466 -0.861041 0.36157
0.276329 -0.905655 -0.98106
0.0116371 -0.854437 0.146642
-0.215964 -0.717658 0.0194999
0.0316463 -0.688712 0.821063
0.308038 -0.938104 -0.873039
0.0745884 -0.915992 0.180538
-0.173371 -0.771422 0.149231
-0.00169882 -0.561624 0.819768
0.281481 -0.934563 -0.831455
0.0726274 -0.906212 0.241633
-0.197747 -0.738198 0.111702
0.0211263 -0.61083 0.80798
0.21403 -0.730416 -0.857849
-0.0312162 -0.65384 0.378768
-0.0701788 -0.896478 0.194553
0.33438 -0.935813 -0.892099
0.0827198 -0.921302 0.158784
0.114242 -0.826799 0.41832
0.0378852 -0.871388 0.12711
-0.0382521 -0.816677 -0.744782
0.223782 -0.923458 -0.62166
0.141463 -0.805012 0.468852
0.335604 -0.937246 -0.935521
0.20929 -0.866813 -0.530319
0.166273 -0.789954 0.586053
0.197453 -0.710478 -0.706721
0.359679 -0.985037 -0.978238
0.0519114 -0.894278 0.0416776
0.183704 -0.775971 -0.508643
0.117085 -0.743993 0.659844
0.441872 -0.995955 -0.786722
0.208113 -0.948006 0.0451206
0.3468 -0.966253 -0.98513
0.0332016 -0.885964 0.0577205
0.335748 -0.941299 -0.976535
0.0454199 -0.886693 0.0917813
0.400848 -0.935563 -0.857995
0.139935 -0.930719 0.132657
0.365761 -0.943931 -0.913801
0.0939382 -0.907534 0.120241
0.1246 -0.859087 -0.809969
0.443978 -0.975578 -0.791666
0.207147 -0.949096 0.0706451
0.245768 -0.772333 -0.914522
-0.00662493 -0.681625 0.29769
0.222756 -0.864117 -0.493699
0.20691 -0.791261 0.601404
0.216526 -0.7837 -0.616109
0.062964 -0.705534 0.572306
0.280223 -0.876575 -0.928498
0.0429131 -0.824193 0.202478
0.256716 -0.936734 -0.762248
0.232384 -0.87849 -0.461296
0.246547 -0.811279 0.606776
0.239886 -0.873483 -0.586299
0.144352 -0.764764 0.530483
0.246074 -0.887487 -0.676671
0.103036 -0.778118 0.447681
0.430319 -0.993289 -0.864894
0.149496 -0.904853 0.0592545
0.394961 -0.983899 -0.938086
0.253201 -0.764275 -0.833033
0.0221189 -0.682915 0.353728
0.312103 -0.888988 -0.931127
0.0632598 -0.853982 0.176101
0.396273 -0.955533 -0.910836
0.104577 -0.891483 0.0994005
0.43278 -0.973583 -0.865517
0.153027 -0.906716 0.0822921
0.393956 -0.966393 -0.937184
0.100216 -0.884708 0.0756281
0.352085 -0.903291 -0.93807
0.0851599 -0.872209 0.143977
-0.173309 -0.860886 0.475269
0.288713 -0.849969 -0.879551
0.0494129 -0.946429 -0.560886
0.08781 -0.867271 0.200168
0.288748 -0.862415 -0.838432
0.0741679 -0.794598 0.279888
0.309716 -0.884589 -0.842975
0.0873975 -0.838716 0.249836
0.25337 -0.744661 -0.75768
0.0439763 -0.66531 0.432522
0.254662 -0.755768 -0.674657
0.0635444 -0.672415 0.509337
0.140992 -0.831548 -0.998554
0.302138 -0.811861 -0.826944
0.081202 -0.731426 0.298849
0.299491 -0.854054 -0.743945
0.111561 -0.7468 0.363087
-0.0686598 -0.82806 -0.8583
-0.130139 -0.851527 -0.763648
-0.215867 -0.946256 0.457841
-0.234791 -0.921817 0.549246
0.0563775 -0.936465 -0.999791
0.02441 -0.967577 -0.818371
0.0389055 -0.976778 -0.621159
0.0390967 -0.914963 -0.404017
0.0837746 -0.852993 -0.898164
0.0542824 -0.887389 -0.742114
0.041208 -0.886678 -0.567272
0.0548204 -0.832776 0.709654
-0.00695812 -0.927322 -0.228803
0.0209221 -0.949427 -0.129347
0.07145 -0.673048 -0.946758
0.0594394 -0.720614 -0.847123
0.00899786 -0.743656 -0.675117
-0.0100193 -0.779178 -0.531549
-0.129889 -0.797419 -0.207296
-0.169315 -0.82012 0.301816
-0.0820902 -0.886809 0.428576
0.0575498 -0.86964 0.563939
0.245696 -0.921241 0.710912
0.247545 -0.951428 0.965016
-0.17492 -0.630887 0.41507
-0.162784 -0.694341 0.461529
-0.109263 -0.835578 0.552002
-0.0314756 -0.846961 0.746562
0.0754194 -0.8689 0.786007
0.115407 -0.868886 0.992405
0.153852 -0.883149 1.12272
0.208806 -0.8305 -0.734489
0.056892 -0.920914 0.970997
0.0421601 -0.821711 0.35506
0.0028935 -0.842987 -0.275355
0.00703382 -0.750245 0.438897
-0.0732053 -0.746467 -0.907718
0.258721 -0.943366 -0.866209
0.273226 -0.957773 -0.837197
0.0279662 -0.858063 0.269585
-0.00591723 -0.864588 0.118692
0.124182 -0.856989 0.420936
-0.00718977 -0.808828 0.490595
-0.0266201 -0.88092 -0.921749
-0.0737952 -0.854111 -0.682921
-0.0861773 -0.859044 0.280478
0.103047 -0.933264 -0.785804
0.283056 -0.953395 -0.862228
0.162245 -0.862444 0.717565
-0.0936398 -0.952728 1.04756
-0.0622013 -0.787964 -0.606611
-0.145597 -0.916737 0.523377
0.0990709 -0.810273 -0.60147
0.0376285 -0.815436 -0.20646
0.192674 -0.892842 0.958437
0.131227 -0.99811 0.447643
0.173806 -0.904407 -0.85614
-0.0192698 -0.778249 -0.919347
0.315759 -0.969543 -1.05149
-0.0120922 -0.923153 1.05432
-0.0237988 -0.979112 -0.383642
-0.0266779 -0.790855 0.328729
0.00482261 -0.9094 0.225969
0.138059 -0.788318 -0.693444
-0.262933 -0.861648 -0.295156
-0.107995 -0.897364 -0.538026
-0.296792 -0.87852 0.116045
-0.211441 -0.949635 0.350399
0.0746392 -0.796019 0.534794
-0.150011 -0.757307 0.412638
-0.0220195 -0.74762 0.234034
-0.13951 -0.969679 -0.55997
-0.129762 -0.965066 -0.544846
0.230582 -0.908586 -0.818467
0.168725 -0.905567 -0.769188
-0.04139 -0.931431 -0.975719
0.11389 -0.880514 -0.409882
0.228091 -0.869576 0.704238
0.0173461 -0.890537 0.72211
-0.0898627 -0.984274 0.344175
-0.234859 -0.750359 0.297545
-0.0574283 -0.874508 -0.235849
-0.01835 -0.881585 0.645373
0.169268 -0.977123 0.395621
0.0193049 -0.850346 -0.404115
-0.0562619 -0.926139 0.489003
0.127832 -0.739952 -0.779942
-0.100072 -0.910084 -0.475483
-0.0563703 -0.963508 -0.92316
0.149748 -0.869696 -0.677556
0.146493 -0.947782 -0.811582
-0.0147224 -0.99373 -0.805981
-0.0829687 -0.948311 -0.681188
-0.0436144 -0.880318 -0.77481
0.139754 -0.932496 0.866572
-0.0130132 -0.868629 0.100728
-0.128469 -0.779547 -0.888992
-0.0827553 -0.798649 0.460691
-0.204598 -0.95835 -0.900819
0.317389 -0.954543 0.334942
0.0702341 -0.93003 0.20148
0.0833434 -0.881009 0.682864
-0.0552502 -0.923711 -0.744167
0.102777 -0.88859 0.0525155
-0.0874921 -0.717792 0.365743
0.181794 -0.853863 -0.923063
0.088548 -0.72196 -0.704396
-0.012522 -0.711525 0.873861
0.112268 -0.998223 -0.742201
0.0605766 -0.937905 0.196377
-0.074494 -0.966255 -0.437576
0.0613192 -0.995215 -0.353294
0.0528527 -0.925618 -0.852804
0.0600985 -0.8033 -0.7774
0.0669707 -0.926106 0.905962
-0.045385 -0.933634 1.02529
-0.222434 -0.867529 -0.248543
0.077614 -0.833141 -0.37876
0.0699755 -0.817757 -1.10869
0.0772788 -0.998382 0.546182
0.0915225 -0.998059 0.555159
0.0398816 -0.938286 -0.690313
0.0124955 -0.886673 -0.481898
-0.206996 -0.774423 -0.0151122
0.133157 -0.854295 0.877587
-0.120896 -0.824418 0.375898
-0.0539995 -0.872743 0.55804
0.0602407 -0.993325 -0.400248
0.0981592 -0.826739 0.638497
0.0943793 -0.816584 0.348267
0.170961 -0.993317 0.494903
-0.163791 -0.945805 -0.801527
-0.087791 -0.944028 0.603485
-0.0246529 -0.831637 0.234418
-0.0390954 -0.769882 -0.273175
0.143207 -0.908857 0.651637
0.131063 -0.780846 -0.885092
-0.173688 -0.867582 0.25075
0.112123 -0.854157 -0.485081
0.149654 -0.95713 -0.734624
0.263147 -0.895183 0.428823
-0.228905 -0.792423 0.424381
0.205131 -0.851431 0.816634
0.164688 -0.919867 -0.622152
0.177197 -0.845304 0.605794
-0.142875 -0.917204 0.633193
-0.126487 -0.941628 0.428899
-0.0218019 -0.79061 0.636421
0.165624 -0.920609 0.521858
-0.102526 -0.847972 0.677633
-0.0537587 -0.872205 -0.369989
0.225735 -0.944726 -0.899268
0.261457 -0.926245 0.495712
-0.192821 -0.963526 0.273778
0.0277161 -0.818268 0.588944
-0.0211351 -0.907526 0.428603
-0.10127 -0.849271 -0.574695
-0.108034 -0.794555 -0.291194
-0.0797674 -0.741605 0.566002
0.100403 -0.811082 -0.522501
0.0278922 -0.941167 0.667897
0.197939 -0.940416 -0.668782
0.0488731 -0.926392 0.25003
0.0233147 -0.927476 0.260181
0.0740304 -0.98959 -0.735953
-0.187773 -0.712159 0.372418
0.0211095 -0.932504 0.210405
0.201818 -0.970732 -0.747358
-0.224924 -0.774049 0.516578
0.0745046 -0.752734 -0.60116
0.0201401 -0.883117 0.385783
-0.207123 -0.857385 0.595953
-0.00467061 -0.940903 0.215128
0.0411131 -0.946671 0.249991
0.0108539 -0.858272 -1.0318
0.217646 -0.956528 -0.688959
0.165152 -0.95584 -0.685695
0.141951 -0.940221 -0.588102
0.165599 -0.824697 -0.578912
-0.123789 -0.903373 -0.177133
-0.0480702 -0.825848 -0.0694952
-0.0363216 -0.955484 0.230858
0.183504 -0.924667 -0.951208
0.054263 -0.964599 0.56278
0.101692 -0.96188 0.818504
0.200616 -0.968212 -0.710848
-0.068393 -0.698443 -0.568933
0.0628419 -0.993016 -0.852244
-0.239368 -0.706852 0.52973
0.100154 -0.98428 -0.471398
0.101424 -0.991408 -0.44661
-0.0493594 -0.842881 -0.0798831
0.163479 -0.975251 -0.678582
0.174959 -0.876209 0.561015
-0.142166 -0.785445 0.631008
-0.0816609 -0.769877 0.284296
-0.0231161 -0.780446 -0.171525
0.223551 -0.959712 0.469076
-0.16151 -0.916359 -0.183463
0.195113 -0.969488 -0.641063
-0.0958749 -0.921946 -0.19377
0.0065074 -0.809121 -0.975684
0.208654 -0.862486 0.940189
0.0432542 -0.939624 -0.762864
-0.0828145 -0.874668 -0.121249
0.0976628 -0.8407 0.460726
0.187186 -0.960514 -0.655001
0.21857 -0.941272 0.549774
-0.141926 -0.964175 -0.832862
-0.0409095 -0.816697 -0.0756379
0.155883 -0.970725 0.611962
0.00102465 -0.66909 -0.835244
0.262128 -0.938168 0.919188
-0.173218 -0.998569 0.347582
0.0638417 -0.864284 -0.315606
0.0669221 -0.842621 0.97753
-0.206491 -0.727613 0.0673087
0.222872 -0.95721 0.788382
-0.125144 -0.899217 -0.11942
-0.145006 -0.743484 -0.182315
-0.0345202 -0.83128 0.399363
-0.0967498 -0.971169 0.445183
-0.0911628 -0.943815 0.279105
-0.126073 -0.825365 -0.630184
-0.141102 -0.954634 0.25519
0.142535 -0.951596 0.747444
0.138272 -0.855262 1.11238
-0.227443 -0.753497 0.0663855
0.110154 -0.913534 -0.666066
-0.00239761 -0.697351 0.821927
0.149882 -0.899068 0.459837
-0.105517 -0.968147 -0.719038
0.0839796 -0.970215 -0.484794
0.0133394 -0.973405 -0.932953
0.268172 -0.896541 0.991967
0.0728118 -0.997824 -0.88521
-0.122981 -0.953228 0.303153
0.112365 -0.873066 1.04229
0.176427 -0.900715 1.04642
0.210822 -0.93198 0.514185
-0.0184096 -0.963143 0.165407
-0.0618108 -0.93299 0.342986
0.208474 -0.882265 1.00514
0.0930886 -0.91831 0.758426
0.345458 -0.969467 -0.941073
-0.00187272 -0.950929 1.04147
0.112511 -0.986622 -0.768171
-0.067428 -0.95145 0.238179
-0.0870611 -0.881406 0.154943
-0.173139 -0.786379 -0.0504868
0.0575017 -0.975589 0.998099
-0.0371536 -0.798074 -0.159059
-0.229427 -0.732684 0.478467
0.183439 -0.973769 1.02029
-0.0833103 -0.886824 -0.168955
-0.295045 -0.804222 0.289913
-0.0743454 -0.961952 0.267777
0.0253138 -0.800946 0.283362
-0.0333116 -0.818536 -0.0833944
-0.202252 -0.708992 -0.0190056
-0.0457799 -0.998727 -0.454333
0.164054 -0.818133 0.960552
-0.138326 -0.972923 0.396312
0.148636 -0.800638 0.98765
-0.112428 -0.904797 -0.666504
-0.0597854 -0.956444 0.364672
-0.0560384 -0.852081 0.134787
0.00808944 -0.942092 0.23553
0.00836927 -0.938125 0.302247
0.137635 -0.980182 0.397231
0.0736333 -0.892434 0.944763
-0.106899 -0.91673 -0.174694
-0.156813 -0.853175 -0.19774
0.161373 -0.90132 0.76779
-0.209446 -0.947502 -0.914473
0.11054 -0.85622 1.10678
0.153696 -0.80637 1.02665
-0.0999689 -0.891627 -0.202132
-0.001666 -0.991736 -0.394843
0.220722 -0.929896 0.48068
0.306289 -0.926483 -0.98487
-0.0396927 -0.83045 -0.0852315
0.0932127 -0.941296 1.01048
-0.0561958 -0.877884 -0.157652
0.268785 -0.918426 -0.925811
0.0835465 -0.998251 -0.757761
-0.158941 -0.771138 -0.100851
0.192109 -0.944911 0.501145
0.0588509 -0.95027 0.760148
0.0730375 -0.998002 -0.469172
0.312336 -0.954614 -0.942242
-0.00154873 -0.829122 0.161463
-0.0308227 -0.958556 0.424258
0.187225 -0.909901 0.48622
0.258602 -0.883381 1.03086
0.152415 -0.960605 -0.391382
0.238903 -0.906342 0.623023
0.0949847 -0.992458 -0.762956
0.0677284 -0.88281 0.435131
-0.169956 -0.89285 -0.184444
-0.08343 -0.836906 -0.461932
0.139737 -0.91484 0.422509
0.189604 -0.993415 1.04883
0.200434 -0.879109 1.0892
0.215205 -0.961643 0.410938
-0.294201 -0.747694 0.362891
-0.0507791 -0.7585 -0.988326
-0.0952358 -0.932772 -0.145716
-0.00522443 -0.937811 0.322989
0.158098 -0.903427 0.427885
-0.081785 -0.909104 -0.142464
0.00687407 -0.951635 0.266535
0.287075 -0.928664 -0.957681
0.0452381 -0.998357 -0.907304
0.0992158 -0.978236 -0.583619
0.243255 -0.820129 -0.953192
-0.0911229 -0.976316 -0.839705
0.0519751 -0.981907 -0.540998
0.205039 -0.949113 0.466735
-0.209326 -0.846291 -0.203446
-0.114503 -0.751412 -0.149645
-0.128153 -0.899559 -0.192893
-0.0248051 -0.888848 0.148027
-0.228694 -0.825777 -0.212951
0.131138 -0.955835 0.341562
0.125594 -0.993549 -0.783323
0.317348 -0.91521 -0.93446
0.0647664 -0.998133 -0.857157
0.385721 -0.998121 -0.818338
-0.0470968 -0.891622 0.0833655
0.181401 -0.84141 0.96092
0.17285 -0.839488 1.04127
0.271173 -0.92513 0.978583
0.063911 -0.996134 -0.462275
-0.0512114 -0.642069 0.844763
0.128992 -0.877358 1.06996
-0.141871 -0.855096 -0.288746
0.294451 -0.946141 -0.965862
0.120601 -0.962212 0.312246
-0.0352083 -0.809589 0.140925
0.23753 -0.90406 1.00455
0.157029 -0.79234 0.965518
-0.0495405 -0.924037 0.141061
0.197216 -0.958048 1.06893
-0.158719 -0.906985 0.403239
-0.0727967 -0.836859 -0.291787
-0.0151861 -0.8684 1.033
-0.207465 -0.811044 0.0566389
0.238735 -0.866636 -0.79347
-0.029879 -0.864157 0.13675
-0.0441764 -0.823142 -0.122929
0.181318 -0.874676 1.13406
0.0760406 -0.99406 -0.495239
0.00664743 -0.996877 -0.520128
0.198663 -0.928389 0.456022
0.0662756 -0.916836 1.07229
0.131475 -0.897152 0.929448
0.0829016 -0.875653 1.05999
-0.0719034 -0.847231 -0.0612603
-0.115555 -0.917896 -0.195137
0.181629 -0.914091 1.1243
-0.124369 -0.922051 -0.172278
-0.0375337 -0.861685 -0.0883962
0.247379 -0.891317 1.07487
0.16165 -0.775949 0.975103
-0.234005 -0.74439 0.0176107
0.314728 -0.909088 -0.964699
-0.0558812 -0.956319 0.298394
-0.107552 -0.933567 -0.181946
-0.0112302 -0.900167 0.0738796
-0.0864167 -0.841518 -0.104881
0.156007 -0.886847 1.07936
0.00115501 -0.863981 1.06618
0.183847 -0.958625 0.400332
0.166318 -0.964168 -0.644478
-0.131032 -0.927874 -0.0911474
-0.138925 -0.977806 0.357728
-0.0219315 -0.825404 -0.146811
0.0632608 -0.989869 -0.478494
0.245207 -0.965866 0.386822
0.334794 -0.921074 -0.907085
0.362305 -0.948661 -0.94607
0.180324 -0.933416 0.950797
-0.0343907 -0.739763 -0.25116
-0.115896 -0.935535 -0.170836
-0.0213524 -0.998424 -0.47743
-0.143774 -0.910088 -0.177658
-0.0475597 -0.817305 -0.17709
0.0274123 -0.872393 -0.131822
-0.0586693 -0.915159 0.255312
-0.0445267 -0.958111 0.318789
0.240566 -0.904395 -0.890765
0.123309 -0.867906 -0.593731
0.0906567 -0.997961 -0.847379
0.187383 -0.960551 1.13384
-0.0495409 -0.962455 -0.832864
-0.0846083 -0.791287 -0.667582
0.020959 -0.93137 0.325834
0.178481 -0.982214 -0.672913
0.0156849 -0.815278 -0.160795
-0.0956448 -0.945329 -0.560315
-0.00631895 -0.796316 -0.143751
0.212097 -0.983774 0.412411
0.126741 -0.895544 1.02127
0.195524 -0.968632 -0.651018
0.172016 -0.826806 0.904735
-0.182733 -0.879131 0.190309
0.043361 -0.939342 -0.616779
-0.156108 -0.997566 0.324765
0.134117 -0.769114 -0.978292
0.228431 -0.860933 1.05386
0.189033 -0.950898 0.526697
-0.099164 -0.944063 -0.183119
-0.00699465 -0.717298 -0.841328
0.0961983 -0.902468 0.828617
-0.100044 -0.893684 -0.138881
0.254672 -0.978018 0.462382
0.164561 -0.893089 -1.04726
0.0518777 -0.747519 -0.933894
-0.0130013 -0.766712 -0.194506
0.0539473 -0.879212 -0.962708
0.194824 -0.817425 0.941995
-0.0309184 -0.925376 0.302141
-0.00666572 -0.802453 0.80267
-0.0296408 -0.961844 0.507573
-0.0271734 -0.745652 -0.74875
-0.027871 -0.814425 -0.090504
-0.0374621 -0.971027 -1.01699
-0.427964 -0.96957 0.180618
-0.12571 -0.932454 -0.188666
-0.185362 -0.826903 -0.8097
0.0366495 -0.810998 -0.442112
-0.000669456 -0.833454 -0.130401
-0.0525459 -0.79556 -0.116008
0.18496 -0.923555 -0.702868
0.314534 -0.931997 -0.9545
-0.23244 -0.733966 -0.0047769
-0.208547 -0.902987 0.311317
-0.172591 -0.972039 0.42047
0.0112489 -0.823901 -0.139566
0.205982 -0.952782 -0.983848
-0.174634 -0.726847 0.231505
-0.00284426 -0.943631 0.293118
-0.109458 -0.885973 -0.169709
-0.118675 -0.893998 -0.253728
-0.256087 -0.828829 -0.235942
-0.0295077 -0.763773 -0.436893
-0.0301758 -0.67207 0.814635
0.150075 -0.900726 0.980651
-0.0637182 -0.859978 -0.0871606
0.00897988 -0.946194 0.300004
-0.270984 -0.92329 0.386879
0.0148448 -0.980908 -0.504805
-0.109623 -0.954614 -0.181409
0.215268 -0.944937 0.450145
0.164113 -0.985132 -0.723315
0.0383936 -0.995236 -0.466933
-0.187337 -0.726662 -0.131901
0.0909559 -0.888326 1.02007
0.0179407 -0.859639 0.488231
0.0593084 -0.994607 -0.466516
0.177642 -0.942495 1.0307
0.11207 -0.660689 -0.82784
0.202052 -0.964148 0.918332
0.115425 -0.900999 -0.891549
0.0653683 -0.99819 -0.798206
-0.0393377 -0.808399 -0.113515
-0.0180263 -0.982495 -0.87937
0.241545 -0.90494 0.80349
-0.109115 -0.940645 -0.156637
0.00547983 -0.820091 -0.128832
0.201093 -0.95498 0.483711
0.0882539 -0.911048 -0.500221
-0.0355984 -0.806663 -0.134461
0.151833 -0.990544 -0.780576
-0.312613 -0.781059 0.341083
-0.0654525 -0.935962 0.403613
-0.0288041 -0.780655 -0.204512
-0.0358143 -0.970965 0.321209
-0.0230881 -0.808766 -0.135227
-0.0330687 -0.82704 -0.111197
-0.180676 -0.869645 -0.651748
-0.00138874 -0.885996 -0.145141
-0.273464 -0.792275 0.350145
-0.140217 -0.835328 -0.829381
0.103741 -0.982407 -0.911525
-0.0803019 -0.938706 -0.900149
0.04392 -0.834769 -0.127513
-0.130153 -0.93632 -0.175969
-0.0885084 -0.989758 -0.828495
-0.0366023 -0.884946 0.327544
0.0578098 -0.993786 -0.808709
-0.0675079 -0.904845 -0.193788
0.131487 -0.974265 -0.713807
0.275043 -0.903609 1.05823
-0.0592576 -0.764239 -0.140206
0.0438221 -0.844301 -0.149086
0.215986 -0.982625 -0.798496
0.192011 -0.859976 0.985396
-0.0292326 -0.895466 0.106691
-0.00788747 -0.791876 -0.159467
-0.120183 -0.886225 -0.71219
0.0142773 -0.770009 -0.221812
0.00961671 -0.77098 -0.391986
0.00567789 -0.998119 -0.480971
-0.198762 -0.835843 -0.770236
0.00157542 -0.947567 0.289145
-0.145674 -0.926024 -0.180344
-0.0488144 -0.93603 0.265563
-0.0802168 -0.752418 -0.242859
-0.0113062 -0.992682 0.717175
0.180433 -0.794995 0.670814
0.165883 -0.821248 -0.457389
-0.0654253 -0.922911 0.300887
0.162939 -0.824067 0.661884
0.0571144 -0.831602 -1.01583
0.0267191 -0.922604 0.775544
-0.00111135 -0.991424 -0.468515
0.220408 -0.958136 0.693928
0.000327488 -0.738666 -0.88056
0.193766 -0.865118 1.04827
-0.0418199 -0.757724 -0.191548
0.347155 -0.943107 -0.943225
-0.186477 -0.812219 5.78199e-05
0.121179 -0.835897 1.0573
0.142069 -0.951873 0.323924
0.103465 -0.99711 -0.900589
0.160391 -0.876309 1.02403
-0.0468378 -0.959133 0.289362
-0.0217642 -0.928349 -0.576881
0.0970228 -0.997632 -0.829723
-0.015064 -0.828256 -0.130955
0.127828 -0.886107 1.1067
0.271813 -0.954454 -0.909073
-0.135575 -0.703523 0.519267
-0.00430492 -0.93897 0.273741
0.308722 -0.886705 -0.8889
-0.0599495 -0.795798 0.211561
-0.127982 -0.998413 0.508111
0.16516 -0.784982 1.00067
0.144907 -0.923077 1.01733
0.0304053 -0.900097 1.08812
-0.0588713 -0.905905 -0.125493
0.136689 -0.94357 0.359339
0.115868 -0.998483 -0.435711
-0.0348447 -0.821965 -0.0967045
0.109306 -0.899044 0.487652
0.129015 -0.935216 0.96767
-0.298998 -0.762121 0.418711
-0.00954283 -0.964012 0.392188
0.115521 -0.968119 0.983533
-0.0161691 -0.682582 0.831877
-0.00738878 -0.942987 0.587076
-0.13246 -0.671537 0.386936
0.0170564 -0.839694 -0.138395
0.118332 -0.950171 0.369774
-0.0797903 -0.969818 0.292557
0.165397 -0.968177 -0.788729
0.219646 -0.92216 0.42715
-0.0257385 -0.87606 0.117068
-0.0892076 -0.748047 -0.739747
-0.173676 -0.802132 -0.847691
-0.215824 -0.891735 0.166479
0.0178536 -0.998081 -0.455606
-0.133954 -0.926378 -0.131537
0.0115461 -0.698041 -0.722693
0.365033 -0.953743 -0.957778
-0.101491 -0.935957 -0.168187
0.196138 -0.945063 1.11376
0.0380739 -0.643499 -0.753104
-0.00251626 -0.931222 -0.802773
-0.274247 -0.738599 0.248052
-0.0238545 -0.966108 -0.504714
-0.0169594 -0.913779 0.562791
-0.030982 -0.881985 -0.136209
0.26192 -0.841118 -0.926918
-0.0591062 -0.808572 -0.149843
0.0668965 -0.994535 -0.526225
0.165057 -0.971447 -0.465887
0.240758 -0.934476 -0.813175
0.0215763 -0.945756 0.254775
0.234734 -0.864205 -0.871172
-0.0622794 -0.826861 -0.126708
0.121625 -0.923768 -1.0195
-0.064961 -0.771936 -0.115643
0.278986 -0.785207 -0.785718
0.125965 -0.912329 1.10855
-0.245468 -0.963366 -0.941396
-0.0536641 -0.973652 0.589079
0.0595824 -0.913404 0.558505
-0.0510945 -0.944213 -0.481001
0.00795423 -0.756581 -0.278653
-0.0429142 -0.874268 0.109976
0.100975 -0.998184 -0.767467
0.192368 -0.952766 0.473822
-0.111266 -0.970723 0.507947
-0.213493 -0.802467 -0.0128329
0.243097 -0.878303 0.883399
-0.0285137 -0.812763 -0.119091
0.22937 -0.909686 0.557054
0.136082 -0.98283 -0.945141
0.104479 -0.863268 1.07703
-0.0220493 -0.864897 -0.0696167
-0.0245143 -0.949781 -0.543283
0.285142 -0.877643 0.819271
0.300716 -0.93488 -0.919894
-0.0142897 -0.883227 1.08331
-0.140562 -0.982595 0.291046
0.160153 -0.903571 -0.50963
-0.0294142 -0.833069 -0.0928815
0.0979353 -0.833818 0.540049
0.0560272 -0.996752 -0.530217
-0.0137153 -0.884622 0.116971
-0.210339 -0.877697 -0.185498
-0.0307363 -0.822108 -0.130373
0.00178469 -0.832102 -0.178446
0.0794646 -0.80099 -0.96377
-0.301176 -0.998021 -0.940775
-0.0981999 -0.924486 -0.215858
0.0405337 -0.99164 -0.487024
-0.00439731 -0.877093 -0.113592
-0.0363321 -0.998162 -0.714434
0.083788 -0.998111 -0.806567
0.1623 -0.792791 0.661923
0.164879 -0.819763 -0.474758
-0.0252546 -0.986053 0.7062
-0.112968 -0.918932 -0.622203
0.078715 -0.982186 -0.412932
-0.00524278 -0.819606 -0.139038
0.0251475 -0.979515 -0.77311
0.138087 -0.986131 -0.844881
0.0676116 -0.994406 -0.478277
-0.105663 -0.988317 0.364286
0.0894074 -0.918001 1.07005
0.096042 -0.893546 1.09452
-0.0233293 -0.879703 0.259812
-0.0585551 -0.983269 -0.957201
0.198733 -0.955438 0.471293
0.110534 -0.923594 -0.729482
0.0326505 -0.897871 0.297882
-0.075936 -0.837747 -0.193528
0.134024 -0.98136 -0.677984
-0.0220454 -0.80365 -0.118641
0.213309 -0.964454 -0.810965
0.201899 -0.948594 0.485675
-0.00545425 -0.788303 -0.148077
-0.057605 -0.955814 0.549939
0.0721162 -0.963919 -0.903913
0.0209422 -0.930186 0.291016
0.213291 -0.962496 0.505713
0.0798171 -0.992396 -0.459962
0.0533782 -0.780058 -0.348568
0.0578479 -0.984472 -0.870185
0.0292192 -0.882059 -0.247014
-0.0370178 -0.982993 -0.701432
-0.13444 -0.939584 -0.166136
0.00412358 -0.88522 1.03995
-0.0551014 -0.917687 -0.162045
0.0438644 -0.989374 -0.465092
0.0368864 -0.953584 0.132554
0.296496 -0.957447 0.781984
0.170657 -0.948932 0.481315
-0.035501 -0.963335 0.357264
-0.14345 -0.88867 -0.188925
0.144672 -0.975321 -0.752427
0.149148 -0.947166 0.995099
-0.150807 -0.982502 -0.986441
-0.172532 -0.866592 -0.699242
0.0917296 -0.9898 -0.413032
0.105498 -0.993972 -0.818764
0.0797635 -0.968369 0.634684
-0.196917 -0.767105 0.266424
0.190948 -0.85221 1.01749
-0.134632 -0.886863 -0.219574
0.170016 -0.890681 1.16145
0.333268 -0.956599 -0.911897
-0.121316 -0.830048 -0.362926
-0.0138638 -0.815997 -0.126331
-0.016407 -0.912633 1.03274
-0.0102047 -0.900356 -0.0911128
-0.00902388 -0.950234 0.269639
0.185082 -0.945539 0.461144
-0.230464 -0.801254 0.255872
0.238929 -0.823042 0.807522
-0.120883 -0.857803 1.10581
-0.00761326 -0.914779 0.125664
-0.116776 -0.949348 -0.167902
-0.181066 -0.971704 -0.94147
-0.0320123 -0.798211 -0.111558
0.343426 -0.920583 -0.917148
0.0435673 -0.99806 -0.536659
-0.0193767 -0.881718 0.0570158
-0.0921756 -0.879602 -0.308916
0.0655245 -0.988159 -0.907706
0.0148918 -0.924165 0.966011
0.00121387 -0.94226 0.834666
0.0413956 -0.750337 -0.375831
-0.235162 -0.759089 0.363272
-0.259583 -0.668713 0.414052
-0.0338087 -0.642012 0.854619
-0.124268 -0.92225 -0.772022
-0.0289183 -0.876328 -1.07666
-0.0380625 -0.965159 0.330478
0.0787358 -0.828731 1.09643
0.0531507 -0.987097 -0.817641
-0.138681 -0.93481 -0.107349
-0.0598741 -0.876575 0.806736
-0.093016 -0.9035 -0.902333
-0.102352 -0.835506 0.228865
-0.214741 -0.805265 0.198843
-0.213356 -0.937545 -0.937124
0.0108973 -0.863108 0.206803
0.0192287 -0.86162 -0.167943
0.0574701 -0.918016 0.0854606
-0.0413202 -0.920042 -0.849413
-0.103987 -0.872656 1.11111
0.18238 -0.805698 1.01359
0.209358 -0.983277 -0.435744
-0.0385102 -0.962046 0.311168
-0.19643 -0.728376 -0.0399775
0.19761 -0.954441 0.473719
0.00746681 -0.887621 0.136378
-0.353481 -0.959878 -0.301782
-0.11183 -0.942379 -0.976328
0.0854966 -0.997613 -0.818201
0.208507 -0.821279 -0.831143
-0.0273802 -0.962358 -0.660618
-0.124057 -0.946554 -0.173811
0.173034 -0.960397 1.11802
-0.0609539 -0.986957 -0.133108
0.166486 -0.779823 0.986574
-0.0324681 -0.837895 -0.130369
-0.113292 -0.719396 -0.11516
-0.0120887 -0.847627 -0.208988
0.0409395 -0.901204 0.617843
0.0074462 -0.949803 0.252434
0.183037 -0.991148 -0.838715
-0.030118 -0.802403 -0.113986
-0.224176 -0.770787 0.0401254
-0.0247356 -0.921439 -0.506982
-0.0721804 -0.988464 0.38964
-0.11232 -0.947599 -0.177773
0.22874 -0.951 1.09722
0.124871 -0.939004 0.581086
0.0849194 -0.998353 -0.436403
-0.207512 -0.843014 -0.234682
-0.232557 -0.891085 0.25486
-0.0236591 -0.901062 -0.286214
0.0319539 -0.804608 -0.878962
0.193302 -0.94622 0.462312
0.118763 -0.938102 -0.910567
-0.129625 -0.964682 -0.241214
-0.198164 -0.726181 0.242426
-0.177957 -0.74015 0.254271
0.116412 -0.954051 -0.532668
-0.0579973 -0.677143 0.895517
-0.0457646 -0.992043 -0.758393
-0.0811654 -0.963557 -0.753846
0.119697 -0.909003 -0.818964
0.259242 -0.955301 0.547419
-0.051873 -0.803531 -0.234509
-0.127295 -0.750008 -0.259073
-0.019308 -0.876655 -0.0907235
-0.120099 -0.794381 -0.730172
0.103285 -0.945117 -0.97342
0.0578546 -0.78017 0.254631
0.0287016 -0.884714 0.179061
-0.016703 -0.972634 0.337008
-0.100826 -0.742493 -0.182472
-0.0768362 -0.975261 -0.691351
-0.0371351 -0.936216 0.213649
0.239759 -0.911824 0.888893
0.128831 -0.950879 0.504379
-0.0642526 -0.961547 0.325485
0.221695 -0.922519 0.931143
0.190076 -0.919264 1.07856
0.0610041 -0.908247 1.0317
0.0870725 -0.81065 -0.322869
0.278679 -0.790154 -0.874125
-0.12027 -0.867916 -0.194168
-0.280549 -0.895031 0.209011
-0.0306735 -0.968603 -0.750285
0.0963044 -0.785753 1.06252
0.14766 -0.954862 0.048814
-0.0859716 -0.780134 -0.787659
-0.0131879 -0.930681 -0.918115
-0.119183 -0.697882 0.319074
-0.116098 -0.850356 -0.148539
0.209991 -0.943303 0.603354
0.0430194 -0.959528 -0.494746
0.0147051 -0.865359 -0.634932
-0.0129539 -0.834883 0.14571
-0.0519909 -0.99874 -0.937816
0.219585 -0.889158 -0.733701
0.171509 -0.967431 0.471289
0.0164131 -0.910988 -0.316142
-0.160865 -0.911929 0.167251
-0.0429151 -0.82865 0.104833
0.283102 -0.850885 0.903385
0.292536 -0.919905 -0.896003
-0.000299611 -0.955855 -0.877774
0.0471686 -0.867155 -0.201023
0.15493 -0.986474 -0.822856
0.199887 -0.938341 -0.840197
0.148575 -0.922397 1.07719
0.132047 -0.938045 1.0605
-0.069916 -0.747309 -0.698403
0.349771 -0.948928 -0.878568
0.2659 -0.946641 0.803685
0.173692 -0.977334 -0.874596
-0.0323021 -0.962182 -0.12697
-0.0948666 -0.994753 -0.964573
0.287925 -0.92498 0.876282
-0.101699 -0.944246 -0.825247
0.206005 -0.890979 0.506839
0.0787253 -0.978385 0.501912
0.0337884 -0.941282 -1.05723
-0.257136 -0.95358 0.182201
-0.140714 -0.960857 -1.01778
0.223343 -0.892615 0.924027
0.194353 -0.946253 -0.77215
0.131503 -0.856671 0.811589
-0.0232094 -0.939639 0.26009
-0.199473 -0.78986 -0.00325557
0.0135452 -0.9319 0.0843249
0.297061 -0.877727 -0.789149
-0.191216 -0.905176 -0.852929
-0.0440818 -0.789444 -0.14239
-0.0838533 -0.959499 0.301596
-0.217574 -0.886792 -0.204661
-0.219075 -0.861877 -0.224776
0.288507 -0.921147 1.03559
-0.0645821 -0.834325 1.10523
-0.234033 -0.771505 0.172854
0.230779 -0.998074 0.59121
-0.00854972 -0.885031 -0.0581112
0.0248856 -0.876115 1.02938
0.273189 -0.998098 -1.02
0.180413 -0.998285 -0.47577
0.130941 -0.898091 1.1294
-0.0877173 -0.920919 -0.173097
0.178067 -0.970226 0.543281
-0.141343 -0.945223 -0.230159
-0.111223 -0.787555 -0.156965
0.0333004 -0.88331 1.06056
0.203803 -0.853008 0.882713
-0.0217631 -0.897702 -0.181427
-0.0645227 -0.780898 -0.179428
0.0933488 -0.66332 -0.669028
-0.112417 -0.840734 -0.240151
0.171798 -0.781547 0.965384
-0.127424 -0.734446 -0.142602
0.013209 -0.946139 0.274076
0.103886 -0.91416 1.04443
-0.00382964 -0.795031 -0.245328
0.0619735 -0.96568 0.441275
-0.0235849 -0.694796 0.888779
-0.00138833 -0.910992 -1.03326
-0.210207 -0.771928 0.0278661
0.0583862 -0.70388 -0.986797
0.185898 -0.981478 -0.851996
-0.0715178 -0.757532 -0.311839
-0.0873783 -0.929899 -0.118754
0.147317 -0.916353 1.11487
0.37066 -0.932366 -0.881874
-0.126927 -0.718751 0.247399
-0.0370812 -0.915992 -0.630284
0.136853 -0.962975 -1.00667
0.0196691 -0.910601 -0.152232
-0.00749181 -0.920832 0.266414
-0.0611235 -0.919499 -0.251423
-0.0921246 -0.953952 0.342614
0.119217 -0.94635 1.03295
-0.118651 -0.76789 0.181244
-0.0535183 -0.854105 -0.122065
-0.364722 -0.952532 0.203467
0.108845 -0.971388 -0.624846
0.0960095 -0.979112 -0.42487
-0.059552 -0.781991 -0.376998
0.157055 -0.977293 1.08035
0.131256 -0.851174 0.495644
0.184372 -0.808171 1.05007
-0.0356062 -0.94884 0.332122
0.233521 -0.977709 0.464345
0.242251 -0.998239 0.748556
-0.0290097 -0.84963 -0.159854
0.0224933 -0.98485 -0.846512
0.0944099 -0.998119 -0.789225
0.0674807 -0.853612 1.03238
0.0542806 -0.933126 -0.932235
-0.11309 -0.718121 -0.163068
-0.155612 -0.75722 0.312793
0.0285335 -0.896616 -1.08387
0.131944 -0.912414 1.05526
0.381924 -0.938793 -0.886161
0.0166177 -0.904908 1.03657
0.238071 -0.980626 -0.832009
-0.0724657 -0.837964 -0.150471
0.144309 -0.963246 0.927149
0.225909 -0.903428 1.12059
0.255974 -0.935726 1.07343
0.147307 -0.929419 -0.464801
0.148338 -0.991628 -0.719993
0.156211 -0.886056 0.835762
-0.220807 -0.78948 -0.00299286
0.350011 -0.935659 -0.855032
0.0866193 -0.866043 0.298568
-0.101499 -0.775325 0.222813
-0.0793085 -0.942758 -0.180015
0.0117924 -0.870268 0.123121
-0.0219337 -0.941843 0.301252
0.190352 -0.991055 -0.794793
0.0181318 -0.910337 0.473047
-0.0469679 -0.960877 -0.162235
-0.046009 -0.991778 -0.801772
0.116073 -0.910634 1.08509
0.220104 -0.988256 0.403297
-0.0538218 -0.944613 0.297536
-0.00581356 -0.834766 -0.149745
0.178475 -0.938681 -1.03429
0.0122353 -0.888234 1.05918
-0.101028 -0.998281 -0.865217
-0.0807421 -0.805291 -0.126626
0.100528 -0.808534 0.966059
-0.0468325 -0.896348 -0.0901761
0.165044 -0.863644 0.922074
-0.0934235 -0.98586 -0.7085
0.00715364 -0.986659 -0.816553
0.208131 -0.831624 1.03439
-0.00401865 -0.991908 -0.84258
0.11804 -0.717095 -0.970867
0.18338 -0.982461 -0.806284
-0.000181048 -0.859169 -0.13548
0.00367133 -0.934101 0.171316
-0.226655 -0.779151 0.0149031
0.169258 -0.969201 0.847381
0.0824131 -0.850847 0.932427
0.0581606 -0.830357 0.433296
0.146112 -0.947457 0.337159
-0.033634 -0.702459 0.868437
0.1496 -0.947846 1.05388
0.340947 -0.920225 -0.95952
-0.0571189 -0.89589 0.128954
-0.216626 -0.87536 -0.193586
0.203014 -0.964863 0.470528
0.164058 -0.939141 1.09066
0.218363 -0.835003 0.968819
0.0834837 -0.952127 0.94825
-0.0415153 -0.841585 -0.09983
-0.0653706 -0.977308 -0.576764
0.267209 -0.938926 1.02191
-0.0539997 -0.949945 -0.202612
0.0569159 -0.940332 0.522762
0.0510213 -0.866784 0.218798
0.204312 -0.836143 0.999315
-0.117224 -0.938169 -0.721463
0.194856 -0.961419 0.472427
0.0489062 -0.991741 -0.784718
0.00615476 -0.978359 -0.55177
-0.116428 -0.98953 0.289192
0.239882 -0.968554 -0.993199
-0.163264 -0.981932 0.310649
-0.112009 -0.930203 -0.108867
0.232905 -0.94658 1.03297
0.00664119 -0.78952 -0.178003
-0.038849 -0.818475 -0.147224
-0.0096243 -0.759552 -0.327624
-0.108593 -0.733853 -0.121004
0.0112872 -0.879316 0.795341
-0.279091 -0.916473 0.125091
0.0433915 -0.826455 0.831311
-0.0199876 -0.723377 -0.391058
0.00735743 -0.906711 1.0628
0.098009 -0.966088 -0.756208
0.125432 -0.964925 -0.939019
0.12428 -0.931491 1.08605
0.0453244 -0.794821 -0.276804
0.117852 -0.955719 -0.665724
-0.00936175 -0.938434 -1.01818
0.154629 -0.980204 -0.778703
-0.071716 -0.692087 -0.737749
-0.0908674 -0.989638 -0.697792
0.0455993 -0.858271 -1.08245
0.106717 -0.812513 1.01113
0.170207 -0.953996 0.392348
-0.212092 -0.757187 0.0185985
-0.104619 -0.917951 -0.128513
-0.0451028 -0.975412 0.336068
0.028365 -0.935913 0.469691
0.3357 -0.937953 -0.873325
0.278063 -0.948947 1.02523
0.046057 -0.903427 0.844522
-0.0616491 -0.941802 -0.104943
0.123148 -0.996756 -0.832259
0.186253 -0.8252 1.02067
-0.094369 -0.950284 -0.130308
-0.0329887 -0.690581 0.847056
0.190637 -0.790474 1.00357
-0.0363873 -0.772225 -0.136707
-0.112201 -0.7129 -0.143074
0.175318 -0.946594 0.449515
0.15957 -0.959924 0.376027
0.00939916 -0.905857 -0.977889
0.0450425 -0.998265 -0.800211
-0.0971817 -0.988698 -0.67627
0.109771 -0.954862 0.679918
0.109125 -0.915543 1.13522
-0.157731 -0.703757 -0.112806
-0.100434 -0.970377 0.31591
0.115083 -0.940013 -0.853489
-0.0154473 -0.96334 0.325027
0.329463 -0.970074 -0.863856
-0.108947 -0.936496 0.367203
-0.0975068 -0.986607 -0.683777
0.0306194 -0.978387 -0.711151
-0.020411 -0.825379 -0.118081
0.333355 -0.998167 -0.840265
0.0551431 -0.882174 0.988414
0.173498 -0.968058 0.968618
0.090114 -0.927105 -0.629674
0.0828992 -0.986414 -0.381664
0.0896016 -0.867707 0.847655
0.00345832 -0.776091 -0.16145
0.160651 -0.837035 1.00161
-0.0215112 -0.842888 -0.0950134
0.288054 -0.93961 1.02192
-0.210965 -0.866698 -0.2351
0.0978066 -0.980485 -0.705527
-0.0507672 -0.808128 -0.127896
0.0821372 -0.993705 -0.80615
-0.0215031 -0.690602 0.865193
0.274602 -0.946988 1.06541
-0.116244 -0.724334 -0.124699
-0.109952 -0.940228 -0.131384
0.0641591 -0.995409 -0.427492
-0.190979 -0.795472 0.0677696
-0.0293201 -0.61782 0.845423
0.203023 -0.962701 0.476668
-0.0107441 -0.806951 -0.150123
0.092986 -0.988793 -0.835335
0.164142 -0.842234 1.08714
0.253672 -0.924125 -0.860691
0.104242 -0.922961 1.12592
-0.207659 -0.779735 0.00645195
-0.00779603 -0.998194 -0.848086
0.100978 -0.805686 0.471863
-0.174432 -0.826796 0.226405
0.0996323 -0.998013 -0.814632
-0.0239245 -0.95676 0.314365
-0.0682326 -0.975118 0.320982
0.0388239 -0.997064 -0.82225
0.0716963 -0.883745 0.896235
0.0590749 -0.88938 0.183768
-0.0826482 -0.998513 0.544538
0.124577 -0.988285 -0.80583
-0.185478 -0.98229 -1.04484
-0.0166945 -0.807294 -0.180912
0.120437 -0.892433 0.875873
-0.281775 -0.929248 0.0955859
-0.181091 -0.842513 0.186928
-0.253925 -0.933565 0.27033
-0.0988128 -0.942499 -0.238596
0.244406 -0.994786 0.808797
-0.0127108 -0.856519 -0.0990584
-0.0945779 -0.979628 0.305706
0.0404867 -0.99615 -0.817921
0.140537 -0.938069 1.12538
-0.0299345 -0.616472 0.821871
-0.206033 -0.785549 0.0945055
-0.0900537 -0.973769 0.347316
-0.000682641 -0.848104 -0.114682
-0.11411 -0.722157 -0.138588
0.186754 -0.819168 0.989266
-0.287599 -0.979879 0.196656
-0.0209157 -0.950213 0.293863
0.0959949 -0.997022 -0.811797
0.031797 -0.991922 -0.835439
0.0157036 -0.995763 -0.83501
0.301598 -0.980288 -0.912253
-0.0812874 -0.970512 0.310077
-0.209786 -0.916645 0.14335
-0.0354017 -0.855016 0.177054
-0.121029 -0.894144 0.234092
-0.142502 -0.950568 1.09495
-0.216903 -0.873706 -0.213599
0.1934 -0.948912 0.451505
-0.0337252 -0.951712 0.302194
0.251634 -0.907118 0.947877
-0.124349 -0.96834 0.333167
0.073625 -0.934787 0.483049
-0.0425337 -0.987517 -0.480355
-0.0261713 -0.956098 0.316477
0.166861 -0.98808 -0.770536
0.00765573 -0.733845 -0.31127
0.0173956 -0.942419 0.895774
0.119812 -0.803776 0.517994
-0.0642048 -0.972357 0.321102
0.270568 -0.904961 1.09433
0.377657 -0.966224 -0.855621
0.0539044 -0.903676 -1.03135
-0.178557 -0.806024 0.0958808
-0.223908 -0.846463 0.217479
-0.11772 -0.636718 0.516294
-0.122707 -0.990615 -0.821353
0.0761665 -0.90222 0.311131
-0.0687363 -0.954391 -1.11547
0.234465 -0.978368 -0.778882
-0.237453 -0.923025 0.190478
0.0477527 -0.743547 -0.252067
-0.0373738 -0.593508 0.849719
-0.082144 -0.966522 -1.13167
0.30261 -0.915559 -0.862436
-0.166945 -0.865452 -0.113765
-0.075169 -0.9459 -0.146535
0.199212 -0.856404 0.504438
0.206549 -0.837494 1.07486
0.0846087 -0.96555 -0.823437
0.232376 -0.942497 0.869795
-0.0238927 -0.919778 -0.129392
-0.0207461 -0.960843 -0.601093
0.170111 -0.96492 1.06063
0.166444 -0.947752 -0.880427
0.130538 -0.978585 0.470631
0.103187 -0.910392 0.98451
-0.151332 -0.943155 1.13061
0.159189 -0.866701 0.968411
-0.0974545 -0.70134 -0.747226
0.252127 -0.866981 0.967
-0.221569 -0.659222 0.390359
-0.0135184 -0.947329 -1.05663
-0.0213866 -0.850398 -0.118377
0.172812 -0.955526 -0.534559
-0.151538 -0.954896 0.354704
0.237266 -0.923664 -0.6984
0.123994 -0.828854 0.916029
0.032699 -0.90832 -0.203718
-0.114586 -0.922018 -0.154009
0.28398 -0.834865 0.94332
0.0654073 -0.783803 -0.177074
-0.187849 -0.821015 -0.215373
-0.182904 -0.980057 0.351217
0.129175 -0.979591 -0.428407
0.0982289 -0.820323 0.403852
0.0340679 -0.913467 0.158867
0.203787 -0.991949 -1.01867
-0.0744325 -0.966735 -0.523535
0.172937 -0.973563 -0.912706
-0.133681 -0.711486 -0.13061
0.14544 -0.968176 1.0188
-0.206086 -0.840318 0.163748
-0.204041 -0.83265 0.00890081
0.201174 -0.917992 0.999521
-0.219869 -0.86062 0.166212
-0.0108002 -0.656007 0.80902
-0.208744 -0.936758 0.101144
0.259241 -0.915926 1.03114
0.11548 -0.957382 0.113014
-0.289936 -0.966424 -0.888024
0.0130685 -0.941414 -0.185492
-0.0764298 -0.96895 -1.06381
-0.0174746 -0.983797 -0.606696
-0.302861 -0.994449 -0.883671
0.0452584 -0.97792 0.386533
0.120638 -0.973794 -0.869323
0.232148 -0.957524 0.509029
0.0846401 -0.985817 -0.786696
0.21656 -0.961934 -1.02954
0.235174 -0.83724 0.918556
0.0802396 -0.851557 0.885927
0.0629299 -0.967561 -0.964912
-0.162286 -0.741237 -0.128921
-0.00371688 -0.934681 0.377894
-0.2169 -0.978711 0.186252
0.328738 -0.89649 -0.890112
0.223759 -0.981512 -0.912161
0.134132 -0.836026 0.961024
-0.07659 -0.951673 -0.628616
-0.139762 -0.727383 -0.104375
-0.0642515 -0.986738 -0.865467
0.120627 -0.864432 0.933325
0.109736 -0.979678 -0.979528
-0.045043 -0.931193 -1.09976
-0.241805 -0.857296 0.139611
-0.116689 -0.902823 0.186204
0.261894 -0.973496 0.441213
-0.237439 -0.925344 0.115366
-0.0027126 -0.922339 0.327519
0.00902731 -0.87256 0.941134
0.0448367 -0.925361 0.414778
0.109505 -0.974032 0.543035
-0.194143 -0.837496 0.135965
-0.0317564 -0.756648 -0.227254
-0.0844631 -0.821432 0.162537
-0.140887 -0.89947 -0.15673
0.228071 -0.855309 1.01215
-0.0931303 -0.905306 -0.101471
0.0424655 -0.86917 0.945294
-0.0170847 -0.948331 -0.166143
-0.1929 -0.964182 0.212557
0.218172 -0.871014 0.458882
-0.198655 -0.933438 0.123928
0.213241 -0.984756 -1.00522
0.250916 -0.955103 -0.951175
0.0114025 -0.949419 -1.1072
-0.218262 -0.828905 0.132447
0.109857 -0.981003 -0.521557
-0.0124762 -0.942092 -0.0885756
-0.0686542 -0.9709 -0.627423
0.220679 -0.903903 1.05313
-0.188755 -0.981554 0.193064
-0.0939892 -0.967977 0.386661
-0.0546323 -0.822463 -0.0970154
-0.3096 -0.97404 0.248088
0.184104 -0.969879 -0.842601
0.0180883 -0.963543 -1.00506
-0.0308225 -0.981243 -0.806039
0.153411 -0.992476 -0.913493
0.0234168 -0.905055 -0.102413
0.210368 -0.96465 0.997558
0.0661258 -0.968302 -1.01239
0.0167786 -0.940131 -0.970909
0.187201 -0.959256 -0.721241
-0.0179366 -0.901322 0.19616
0.0808998 -0.65124 -1.0076
-0.124234 -0.704454 -0.139322
-0.0651328 -0.990632 -0.344275
0.0369044 -0.961057 -1.08787
-0.174851 -0.850046 0.139983
0.098807 -0.996377 -0.495872
0.133083 -0.977047 -0.802364
0.217017 -0.975009 0.470575
0.0421547 -0.914174 0.221009
0.195003 -0.955194 0.430083
0.110295 -0.995695 -0.801274
-0.0767361 -0.790339 -0.0949406
0.190619 -0.989466 -0.829362
-0.0400034 -0.990657 0.473196
-0.127883 -0.721297 -0.130313
0.184428 -0.973326 -0.648232
0.189114 -0.974518 -0.66736
